5000
5214
5308
10434
25017
31338
15754
1225
5278
11798
22967
13802
28283
24062
447
17865
6453
30723
26964
24927
30134
25082
1350
30539
4334
10913
18598
4201
27159
18135
15659
5798
28222
12044
31444
32275
19711
28918
17103
1080
2704
2437
16794
31146
29441
6938
15464
18912
21185
21492
11718
13634
6245
6378
5502
29059
17317
18528
32700
9265
17831
10612
1903
27530
13953
23416
22514
27026
1017
22949
29164
1378
32142
26381
14197
22211
25021
30418
890
28667
20605
25750
20578
31207
18188
4402
12785
22090
2285
14251
9837
15461
6706
3682
768
968
12023
2186
32606
4455
13359
19423
9383
6896
21923
11925
9103
13404
9527
20879
21948
23493
18287
10962
28272
30583
18739
5177
7783
31305
719
12906
12035
8750
11326
18440
22694
1287
1704
18731
22623
24507
16169
17165
2250
23434
28372
27654
561
15774
23544
28602
1527
13539
24737
19345
14647
14873
6754
20327
29352
13864
18258
5765
8132
25267
29781
3280
1321
6383
24733
21569
24127
694
14960
7829
8219
25047
6443
20294
25507
25009
22663
31161
15091
9984
14619
4025
30208
4598
27170
21540
6779
26254
24703
26084
4857
20253
7934
30497
22864
27945
21469
1205
8260
27775
28555
8673
16483
19584
6319
11326
27693
21436
8556
31734
28536
25026
25059
25651
32275
4917
7162
6104
21930
27683
19548
18032
14057
31891
3266
1379
31204
13149
27504
22896
16823
21311
23554
29783
4969
15916
9576
31446
21527
2791
28976
26327
29262
6353
24579
23016
16056
5632
18291
29675
14331
11152
31988
527
19934
17470
21031
6655
24494
8498
9823
30041
31200
12573
12638
8545
5879
23940
27487
22263
26536
16988
13914
3782
26172
982
11395
9663
14647
13948
14355
9670
10551
3453
22604
1706
11806
17221
14263
31579
22387
28753
30641
8023
5126
17474
21797
6246
7379
21808
2715
135
1833
31040
4978
11306
16908
24185
13417
8351
727
21715
28005
20175
25894
32401
14446
26154
16882
23249
14842
21472
510
24162
18030
16980
28530
3797
24802
11470
19142
21463
5924
23407
9954
29374
24320
23403
20612
26721
22719
18290
17633
5421
6894
29807
31631
28533
27489
22133
1954
12298
2423
12790
21526
11532
28062
27959
32621
22271
8730
5632
6808
3105
6403
28568
20251
13819
9101
7409
12397
25911
28301
15135
15517
24497
10296
14
20539
21713
13101
12661
4470
11287
2742
2054
5762
8695
15434
21224
19261
9960
6743
28518
23057
13496
3135
26857
7196
3618
8096
21795
21646
7330
16089
16526
15187
24712
12490
16149
6899
10060
17883
29968
1462
31777
22079
11382
26123
1740
30074
19022
28202
19639
32544
14439
11001
2113
24800
5961
15916
2649
17858
19563
945
23115
1709
16551
9803
2009
1068
25322
26493
25486
19825
17200
7849
4431
14491
22960
13177
10547
20532
20051
6014
23189
14846
21611
791
17767
31471
28322
31125
32200
15482
12080
22684
28121
30480
18514
30412
2509
9703
247
5537
2624
26618
25020
10904
8394
12881
11802
17300
23251
30594
32222
2687
9897
26744
2778
11316
11983
12915
1755
9885
32665
24144
3547
16920
10997
13579
2167
14880
24204
19842
4771
22825
8202
10107
15004
3019
9145
30697
11294
12067
29013
2667
7128
7799
19228
23574
1821
17432
2852
21364
7132
12685
27377
14796
23762
749
26951
22948
22014
4493
16957
26245
30037
14811
11667
4606
23480
14474
22341
29163
14883
25328
18016
7160
3879
16044
9749
6752
22682
15499
9484
7675
3469
6829
24315
4471
29822
12771
1142
29157
10703
12892
13577
4216
27255
4993
16260
8586
30456
15133
15510
15584
8849
8129
14237
13103
25268
27239
22973
23775
29370
23381
19247
17934
24534
30276
16092
23512
4423
14786
23595
32470
8402
26069
31511
7908
6000
5601
26244
17448
25156
12747
6355
10576
5071
31327
9908
19226
17767
13551
19515
4378
11493
14909
20535
29624
15007
27804
12735
17272
21398
22865
21517
30078
31728
2367
7312
6481
1448
17604
14140
23519
6020
20190
29989
15297
8263
23442
31052
21185
2600
17806
10168
22681
17028
18189
2761
17150
27088
14843
8906
9949
16337
9049
21445
16101
8207
3556
26011
15173
8839
30705
19027
16055
13472
22684
7859
11453
15968
33
6413
11562
10208
22410
23132
2277
21245
17291
21904
17386
23889
11946
16677
6289
15970
32418
18170
14355
5656
30986
26209
29770
16245
23346
15474
14008
31616
10574
9894
26827
18562
30934
29601
12639
14709
14892
5710
11141
25018
17792
3889
31363
10506
12017
32761
24348
7087
9716
7509
12817
2804
25594
29449
26599
4570
28237
11841
491
21004
12091
25125
4212
32021
10871
31405
10856
32209
20668
20919
32257
22049
14003
6743
24273
1251
13079
5742
29956
2082
10263
19070
29158
20361
31740
9148
28069
13086
1291
17511
21079
16941
27821
27225
30782
32385
19917
9180
22347
22490
4738
18110
29154
31644
21742
23976
23773
19653
18278
32683
2259
6177
26578
17948
12442
22721
599
21666
4362
8361
18228
10125
19972
31177
30698
7273
10419
21295
28576
26835
27410
20090
2757
29580
11439
402
12791
17356
21678
150
3108
31449
32016
17430
7151
3031
6966
16259
19541
9698
4512
15331
12432
1114
3835
19145
31547
6526
24155
25989
28856
18237
3269
3224
22735
6728
2032
31595
13207
15212
6732
17472
13722
2847
26692
26728
20276
7001
21184
16566
17212
31653
25327
18997
4326
2935
9027
11030
13544
18112
2493
1004
1500
16576
22378
24860
12262
16667
4398
24718
5014
14128
30144
24489
3088
30630
5366
17791
24682
30791
27715
15684
25685
32274
11390
29957
3072
29067
3300
13462
30521
19798
20321
24781
14294
23300
23051
16109
22355
12845
2543
3173
24508
11711
8977
16059
27597
19349
430
32707
601
10828
28868
14868
16616
6482
18901
18876
6564
28479
16871
9523
10358
6761
1999
4750
25452
8114
6063
15605
10846
31653
26558
15959
31185
6594
21063
29020
17691
22037
24821
8092
15304
15630
23885
24590
32317
32140
19068
14787
1435
16699
11347
24276
17126
24352
16272
5017
14695
7282
1887
5659
6222
28588
21536
6604
6044
31200
10091
11126
7232
10830
6481
4466
26496
16437
8933
31770
21915
7913
29180
6784
28589
10278
10800
26465
21714
4260
14123
16980
16014
25323
5154
10567
9325
9321
11423
9772
17126
20674
14980
17648
2437
8039
17741
9645
13386
18282
9877
32544
5196
13713
14299
9565
19361
26793
3463
26817
130
26652
25384
24873
19371
2246
7424
31073
26113
29701
706
20192
22903
9487
6042
14770
14642
20617
13166
4277
9452
27221
16740
32264
7062
15787
18340
30657
24897
19307
7263
12510
31806
25265
27664
5759
3460
10154
29953
11602
2131
31911
7185
25422
3351
368
16054
10660
27535
7387
26174
27378
4142
17565
16474
12730
24770
30559
220
4884
19539
7445
4288
12703
4686
16779
11881
27837
1251
23872
25390
4096
19115
8312
29205
5855
25486
29837
9182
22702
29924
10118
5188
12493
8410
30186
25727
30495
27927
26327
30477
23741
31904
11854
6322
236
8441
2513
15038
21069
1678
19248
8846
4180
81
1440
12885
251
13987
4365
12061
11960
15736
22449
10248
17068
21942
8678
25308
20253
24031
21560
29118
7718
13808
21439
22078
22701
6793
1196
21908
6550
15181
5921
25129
16694
4236
5702
15962
7435
13344
28057
15480
14250
16788
22661
16403
25848
396
28727
25720
24221
25696
19373
27768
1206
4107
26127
24427
5834
1348
16195
30581
30976
8170
27324
17672
22927
30373
146
11178
19061
24011
9432
7161
9068
4480
6442
12012
16410
19234
3205
1627
28296
17892
7515
5826
8661
30392
16871
15938
15660
31603
2751
19688
2803
1323
29608
25138
13381
16868
13997
17359
19619
2412
21875
4519
17894
20868
19655
31515
24696
11584
9849
22926
27588
23473
23917
21540
27371
10689
18415
28873
29113
11101
31815
13942
19927
4058
25485
17583
20546
5521
28351
1105
19195
24781
8721
21898
5889
14824
27268
24361
13948
30384
29114
25368
26427
4879
25609
15398
14688
15596
23758
26890
32346
22348
27908
18597
9236
14525
28693
27528
20588
10484
8943
7862
20711
25013
12635
5035
12963
5875
11658
18845
5773
19001
9713
7169
5587
27976
19800
6737
19101
6146
26925
3341
20728
21894
31261
19456
21522
19613
21222
18884
31661
18261
4454
30856
19918
24043
11768
27665
22709
18670
5377
23807
14610
7842
32454
29010
20598
32675
31105
28204
16392
30410
22963
14040
31609
4180
1211
15628
2106
27713
18856
18027
15596
20475
15436
11086
5400
31544
18065
29380
27936
17441
25617
28632
14965
16052
15328
17426
5131
29543
3244
27456
7946
26894
7945
13429
13255
1534
12806
19539
20210
3187
5636
15494
8977
13871
27080
1169
24108
13156
11726
12237
30666
4308
8672
3246
6941
18743
8424
26953
378
1501
28419
30995
20748
21140
11734
18412
21448
18636
27429
24156
6819
30201
32161
31516
24835
313
9218
1496
17524
21559
6742
7987
9373
19279
6553
29196
16242
12531
30085
10751
23979
2125
19627
13103
9076
27429
32451
10051
22886
32518
23873
2991
16822
17820
18985
17717
19884
19553
14627
25771
18263
32633
18130
12542
17280
9177
23138
4727
28636
15535
1376
17213
4485
24574
5583
26908
18347
16009
3704
31876
26247
25331
31105
8405
32401
27684
18753
20953
25587
18159
15187
2706
19005
10993
29161
18743
18522
24252
14179
5241
22723
1845
8225
26122
10738
1594
32405
7776
21274
11400
23964
26039
16661
17116
29966
7765
28574
11865
19603
19473
17088
13354
185
5398
5262
8296
24132
16357
19221
21566
18374
21145
2703
32587
6511
14191
22490
2119
32549
2693
16168
26858
28887
29922
21239
265
18703
14519
5956
9475
10695
21220
11515
27483
9086
21950
20915
32166
21131
24848
1944
28840
26288
23392
31144
26554
18674
20595
28707
1902
21416
6419
26940
31606
20691
12303
10773
5058
12973
22660
23530
15593
14981
31067
2445
22474
457
21011
4370
13427
6501
27840
24011
13378
13131
29012
32375
22345
2643
15902
27574
14583
31814
27024
4800
16373
2613
4421
30807
1359
13072
6723
2042
14036
23668
18045
25436
30911
15811
17308
17940
2711
378
5886
20886
13139
4287
2815
21858
14530
15674
376
26491
26154
15654
20358
24859
26160
11688
1677
5029
29687
3935
20092
18907
10124
28988
13650
26961
24962
15764
6113
18465
6617
23923
2001
2785
5669
9780
21225
7890
19179
17742
3978
9306
27727
7793
21116
23989
29164
20434
29166
30183
4612
20675
31159
13301
30681
24198
13538
28244
14682
11107
28778
21154
20482
1016
23362
21908
6398
24273
10136
24368
8334
2616
20827
1852
15533
27726
11771
30198
15092
2395
10608
15621
9660
17507
21629
15536
25731
3578
10294
26958
15249
30040
8896
1277
28378
20400
8536
8599
3111
27070
7062
32482
8305
30624
9203
6407
23693
14054
20874
31558
27919
30444
30491
10983
2408
31592
19285
15988
32337
27967
26197
29989
14189
19869
14442
25244
3113
8004
24091
722
21480
14884
30059
19026
1373
32044
22619
1701
25911
21089
24753
8973
2052
14637
6392
9590
11087
19193
32456
30633
10764
28158
14919
20675
4151
10839
28400
21221
4535
21851
2451
12590
26760
1835
12189
29158
24089
3719
13210
8444
1011
22246
13048
1715
24476
29893
16654
13976
3515
19519
17245
2743
8316
1502
25365
24334
15670
17841
14299
8514
15692
22686
4041
2193
22097
19450
30902
2568
3439
9047
28344
23798
31241
8349
21480
9120
7071
21085
5477
3126
18162
23649
8604
32262
28265
11912
5062
9968
18868
7633
14513
32026
8367
5045
20676
2277
15753
18362
13118
2847
18981
14149
14014
21370
7360
20399
776
23356
14293
32412
12294
30777
317
7304
22029
15358
29851
26019
29538
21328
21751
29919
19197
31189
8617
30023
8332
22032
21113
32146
30139
20883
7940
18936
11443
16751
21858
18500
13280
29424
1029
10795
7928
28807
31460
29148
20793
4872
26585
11480
7410
13077
4680
20740
31812
3802
31234
28668
18218
14332
23913
13483
2743
7627
27348
24345
26015
1983
8501
12931
3577
5154
9209
2481
25667
3850
1583
1412
14247
13706
20717
2511
8060
14633
18671
31847
3600
6035
14210
31358
165
6799
15008
30764
28857
5169
24669
32335
27275
11089
4482
31381
27866
19516
3959
21975
30192
4520
2406
17577
25055
14830
3229
1583
32267
31859
21556
1330
30184
21351
15344
3954
32005
3507
23144
5950
23114
15660
1638
13123
14462
21773
19344
20642
24587
3236
4680
19269
15878
23115
32464
24690
23658
6810
19378
12192
12196
14299
9055
15754
23893
26046
15638
11651
24659
17743
16647
9481
11761
1316
14265
3484
16512
20955
2217
10449
11029
10948
19508
10914
6797
28378
29878
19976
26575
13816
4852
6092
8017
19017
14775
15257
8670
22017
17594
22359
17046
6474
1734
30900
1590
15489
8988
8451
26521
4771
5651
15178
17791
24578
12546
14486
23950
31037
3424
18066
30870
20078
15146
21592
11289
13989
11909
22919
21771
3990
12453
5014
12246
1422
22509
11624
12705
6060
19288
1312
1746
11341
21783
1078
23249
18888
2172
15819
19727
18268
32534
18233
14152
2662
28958
32495
10501
9175
11537
13692
15460
25062
12959
27881
10267
10754
29892
8780
12987
12043
1845
21914
27442
22465
15101
17341
19092
27005
28264
1766
8987
19231
5152
4389
108
29767
13718
13623
23835
23752
29859
12703
20850
89
20592
29176
8046
19086
12691
31369
16395
32519
378
12826
21953
29160
20749
32262
10319
9352
21135
25746
3511
6766
10949
10621
25738
31353
23899
6360
869
20574
22659
29720
16828
600
25567
13674
32214
20250
30369
7494
17433
26633
14577
15943
31624
31656
13455
31546
15242
17491
30905
11125
12013
28465
13647
22890
10282
28516
4405
20347
19179
4482
16377
26384
28362
25417
6837
19943
8028
17294
16439
13740
23918
11895
96
8650
1422
6634
5834
18304
32718
30277
30893
13367
7364
10064
14852
11795
17365
2416
19947
712
22196
22301
9804
14511
28197
661
30394
22041
21511
22482
7837
13027
24209
31418
32400
2122
4316
5527
15623
13057
9377
19398
15925
23425
24901
17587
21293
30881
25618
25349
25671
24678
15816
31765
6853
23324
2388
9125
19894
27813
24543
24527
13851
18450
19978
22843
11849
8560
11896
23445
142
20964
3470
14910
2327
507
31350
27970
12049
20027
26986
31371
30991
6654
2863
32596
16556
1152
15839
28128
18801
13366
31468
21355
16121
27745
26210
14945
24146
8420
25452
31950
20135
31826
21018
6933
27932
3148
23137
27366
4090
2058
26724
12906
1292
25911
15857
960
20297
12034
15695
27821
26546
21362
20791
20111
1406
23289
5664
29331
12661
15949
10432
11816
10394
20083
15823
11188
21004
25372
26382
11141
19502
17205
10632
20746
21766
31674
18711
20547
4579
6347
27947
3958
31299
29953
711
4388
27123
4866
32716
14907
7800
13651
27514
18573
9134
10350
20532
3457
29615
29461
31363
16648
19958
24805
10590
211
2501
6958
5033
20420
26563
17410
26363
10658
9962
18316
9124
32528
24736
22435
31215
11712
28708
17823
3236
18660
26924
11884
15569
17893
25037
11485
25290
24920
5018
1602
6255
20526
6160
1340
30893
4394
17458
30416
30792
29337
26480
32187
15319
8253
29133
12293
3856
19850
17729
13017
24901
20501
13916
18580
27439
15945
45
1308
25067
26203
12130
7283
23362
12673
18608
32652
18221
18271
11894
15197
8856
1474
2461
20021
18279
8337
14786
26448
32183
32257
4247
17577
12902
8967
23686
8975
30421
17427
1688
29819
11756
19963
18326
20641
2655
31541
14446
21445
16944
18762
16855
24528
7030
25223
12088
29603
13916
20470
26822
3243
14444
1933
6381
18101
15630
10916
16626
11780
12107
2221
214
30625
28887
14879
5757
5107
29263
26547
22544
20367
8383
4563
11679
30289
19559
27727
19979
11436
27839
8787
17187
29502
26040
5782
30989
2216
12869
29651
23784
7580
6170
8573
20143
3896
18611
28847
27232
7058
5017
5474
27742
17556
3553
16354
13588
21770
21237
27267
12252
15353
17047
12175
8479
12850
24610
15236
8125
24104
14099
12156
15791
27135
26825
2029
9195
16357
18313
23442
9607
24741
8901
1705
3618
2169
10398
5727
12160
5664
167
2185
29300
26673
1004
13204
28419
9391
13875
27327
20422
7901
25729
12935
1168
20308
3296
6499
2129
4690
29536
2226
15930
8277
2140
8690
10786
29929
1022
31794
2089
6078
23301
21962
1947
31741
28870
3657
11543
27100
10865
31919
8176
9841
18326
30173
26323
19907
9192
5961
22442
4903
17984
10742
16065
23498
24805
12708
295
26506
9994
31812
15960
31754
7064
17838
13592
17925
15662
17302
28578
25826
13158
11708
31490
21641
24923
5732
11712
10614
360
9990
16830
21259
11826
5446
17763
22571
31976
25638
10233
16900
3273
17787
25940
10540
12263
12190
5301
6384
4395
31587
24302
15593
31642
7759
8134
3280
9942
21765
13982
27282
11496
20994
19029
26279
3388
17546
1130
7840
24813
19426
1888
27136
9284
10944
9319
18765
14715
20224
5176
19303
2246
408
14145
23832
24980
21198
8450
14059
273
5801
29367
23874
25072
1445
18743
26275
14697
21930
16924
31827
17789
24383
23588
18726
20609
8956
14039
19093
3546
17213
30058
14353
13318
17950
18660
29847
30684
13219
25983
16005
19732
25654
26449
4524
4105
4951
27179
28582
31934
2703
22722
617
5919
30885
14092
19741
26762
18709
27629
24363
13966
4030
19987
15767
5875
23771
30751
30351
1274
3380
10245
4932
23525
27286
11701
23544
23226
12416
11515
8792
5445
18719
13987
1549
30300
22140
31970
26510
14183
23541
9969
32056
28959
7146
2043
16032
10645
32184
15673
6696
886
4075
30556
10448
29326
31407
29483
21583
6540
30344
25965
9059
13573
6979
24073
8293
14267
6957
26220
3616
31774
16002
24363
24291
12051
13096
24809
8661
22517
1181
9340
23177
8665
20527
13899
30418
18967
2411
30970
22233
22534
25303
15178
7020
518
12004
25914
11929
25540
19742
115
14972
27065
30630
8162
597
5620
1250
27303
20957
538
29043
20014
30427
17067
18023
7067
30962
3974
12208
5228
957
21936
22229
10841
14110
5713
21992
30335
20946
14079
22200
11198
27209
10047
12871
2144
10677
32585
9343
2811
15714
31756
26656
28312
29253
31858
20221
12820
11991
25573
10856
11975
16164
1554
6123
612
10014
32749
1593
20512
28472
8693
1635
7447
7984
20409
15695
19435
23340
30875
2407
31662
22281
3540
12430
19970
5104
6584
10840
22654
7210
23611
23162
17748
12597
4277
20351
26417
8215
16610
22973
17509
12274
18733
3720
23876
24281
29230
2981
12748
24802
17265
3841
19080
5500
29561
13987
18611
26371
6404
31968
16801
18578
401
17614
26971
17945
20768
2811
20618
23215
20281
3678
14742
297
1327
1421
18702
13035
4518
13361
5451
18686
21843
29879
22864
29539
23811
2633
20213
15015
11487
20221
29765
16312
20718
4684
16420
11767
22235
15301
2613
5006
5369
1538
10746
5124
25220
26076
4413
10511
9514
29147
26031
26025
22473
24048
24016
28517
28283
24423
25870
8708
15312
3351
19249
4419
15194
4060
758
23800
25967
14151
13306
2909
28714
18067
9178
23980
8627
3547
15001
21228
6080
9099
9794
19722
10332
21013
25038
3115
16360
3557
9031
29761
24671
1942
29998
20700
9694
11878
32539
2884
29795
14055
16803
1732
13012
31224
18814
5960
14148
16372
7657
17963
18547
19497
28234
22858
22675
15500
17171
20573
23890
4522
13800
19591
26900
29410
29956
5675
27008
722
5593
13570
12095
22543
31478
20074
8960
28185
20782
15873
19392
8846
26615
7283
2632
4765
26896
10384
11767
27838
13159
18082
18113
2720
23865
2557
22648
26467
8571
31959
21322
17928
15481
6746
30092
7206
31677
12024
31414
5342
1330
4863
15278
16400
6537
29549
9289
16847
21980
7429
8719
5651
14481
32162
28734
15534
28034
20428
25874
24962
9562
9353
9284
21744
31810
16245
23248
26772
13246
30997
26620
1071
17361
7017
6038
1764
1896
27840
20861
18600
2038
23760
25187
20468
11355
2054
16848
4028
20234
1307
31082
16805
32619
12520
4469
12403
29310
27771
9878
1728
26306
362
3292
30196
32597
8295
9216
18801
23132
11797
16620
14862
26277
21019
20603
5575
15499
31862
6016
4019
32282
21779
13321
19510
628
18845
17381
32119
20595
11668
21603
9236
11408
8351
32605
18453
15876
12067
22901
15903
3885
24852
5535
19690
27954
11019
480
18165
27370
30105
16725
27769
2810
11996
26486
10651
21822
6735
22684
1253
23403
21222
5057
20983
28914
13147
18823
31866
6695
6338
25724
32598
30370
13156
26269
23589
10981
22986
16409
9959
3392
4632
855
31223
6642
17821
6713
26174
29329
21159
24739
13222
27820
28828
18487
1489
29614
6726
26979
14604
16901
29295
9630
2942
13700
22190
16110
26277
17158
5248
2222
23812
19797
29850
5518
12309
25418
4222
1755
29317
10549
9805
24833
6816
29054
24284
2382
6411
18573
14857
20728
18353
30696
5456
12642
17663
17563
153
7579
3924
27869
21844
3367
29875
10480
17352
9219
10940
13129
19112
7139
8922
7153
19688
21182
28349
27435
14798
8844
18699
22359
31564
26191
5714
4630
7821
20560
29250
28847
27342
30123
7449
29618
23151
13069
23902
29147
10826
20157
10706
27192
29507
31705
12196
16782
544
8931
2276
28410
24988
4988
14138
23508
19126
878
14040
31448
28495
32496
15789
23176
21236
11814
31451
14028
9721
5096
27244
19932
22215
10692
4416
31839
19830
32070
13642
25813
1439
12918
26109
9778
31339
4003
26880
26059
6384
30303
24361
12406
11454
28107
13737
30445
31412
8725
14212
10612
32281
32062
21317
14012
31720
15649
26863
29190
24682
10929
13366
9355
6922
22146
9967
19996
27750
32395
18374
22790
23202
298
26927
17720
16385
360
19615
3752
10166
8319
1531
21234
27895
28825
13137
31298
20564
1243
23750
26485
30535
17058
4303
29563
2572
22540
4260
14336
25522
31675
8434
27979
2163
22997
21200
24422
22081
21071
22773
15999
9121
27756
15656
20110
16572
9088
2551
14904
3763
28922
15532
3315
8500
14241
4989
6252
7755
29726
3075
18726
20602
22203
9710
11875
7947
10858
15862
14663
24741
11529
5397
30523
15390
15588
22515
19344
2960
32636
15010
27748
30127
25991
31883
9930
12633
12343
26792
11813
10095
23487
9716
31445
26340
4884
27680
31766
7955
4336
28808
8484
5206
4637
8037
32164
17108
15600
30020
3391
9114
8724
3255
23184
18414
14984
13386
3392
16095
1771
8376
9071
31009
13304
3935
23126
7960
26701
27890
2603
3379
8048
21614
31045
27259
13843
31311
27265
3436
2967
22531
27364
8963
23760
11167
8834
19480
15368
8145
11422
9454
19014
12309
15122
27401
5584
7468
2290
13631
16878
1483
24684
29202
23537
30608
14322
8253
372
3129
10908
30093
15330
26392
20423
26610
13624
9922
13827
19670
10764
7944
1324
685
15567
28456
3030
22734
3663
18500
15342
10625
16255
30738
23199
23129
16507
3030
26483
14020
4295
8077
32443
22752
21719
11627
15152
5264
25813
29064
23258
6352
14494
13783
11057
15173
21774
6743
131
8728
7805
11661
15509
16389
13449
26929
10381
22191
15126
26408
9743
29495
13460
25266
31655
6412
20865
23013
16487
3845
22830
25434
10961
685
4037
3110
18167
30174
15755
21003
22496
10897
15203
3568
26670
244
10388
25231
19966
31677
11723
878
9744
24254
29028
26640
2600
7098
8421
16236
1715
376
13259
14238
5038
24853
19338
28125
5316
7582
21711
6829
9398
23007
19976
20053
12288
14453
22310
20884
8890
25131
28321
32400
11708
18051
32701
9743
26373
19090
9741
21737
18782
23057
18997
3518
22330
3762
31731
19172
25825
25008
11617
23715
19917
7082
13172
30629
6484
30385
12233
1960
21128
9888
18337
6774
5980
15275
19498
30487
8968
4923
14336
13637
22446
19194
9715
26912
2877
27177
9483
14115
7062
13626
3529
25687
3565
24475
15536
14022
15730
4048
22020
14899
23857
27076
30418
15624
20791
4961
30512
6544
8951
26462
8646
8038
5356
19032
1165
12590
6527
22053
16087
27266
12586
20325
28816
25135
29662
6489
11971
23714
18850
7161
8543
669
5758
20544
11836
28719
23959
26315
21849
12258
8091
15522
8808
30262
30815
4694
22412
12622
16327
14668
13665
16618
12775
11096
1085
27285
25191
16525
17077
24096
32556
30548
7523
24142
9780
700
5095
25041
21186
4881
28460
16501
9660
3248
27885
16540
3409
8473
17527
6378
4062
32326
26800
14913
15891
2108
11096
30192
4178
20703
9615
21543
13143
16906
2455
11951
2078
11743
16860
25559
23297
14684
305
13746
5666
21807
10333
10623
29448
14540
9430
31593
28557
5052
11468
31345
2551
26936
31849
24744
2149
18934
30808
31649
20333
24643
22916
14630
3075
594
17954
27690
13468
16084
31729
24063
9620
6088
28608
32713
23757
24469
1586
20531
6298
27734
18878
18784
24027
5493
16889
27429
10601
12155
20504
13685
20660
31270
13488
10012
21930
13501
8897
5296
12763
19616
1011
27589
23771
23075
21023
13921
4584
24476
10769
29360
6349
32443
31629
4856
5638
6170
31375
14798
9765
2325
13783
1675
18549
31708
30373
1530
23772
32198
19906
6995
14598
20457
29119
30061
6335
9703
21121
25647
28065
18186
1534
8776
20976
17812
29249
26399
8898
16464
22708
21773
1379
25197
9886
6091
23543
5516
12011
18214
28001
6680
12588
25082
17508
31190
20958
30045
2568
2237
26607
17435
24384
26631
17278
611
31177
16264
20963
31167
2133
8511
17135
10569
8681
19243
4980
13853
17540
15199
8456
16394
9985
19033
11015
28301
25150
16272
25815
18943
13694
5196
32112
13581
27148
22714
16411
6761
6690
28480
12921
8895
24328
4622
21448
1771
10880
22262
24930
21097
20322
9597
17542
10764
32132
21298
3419
27379
13532
23102
7986
13754
29673
24125
29196
14829
9550
29516
3420
21954
4289
23395
8206
24071
21283
11750
22983
8793
8688
7542
26991
407
24026
20493
17645
8854
14513
32074
7729
9494
29318
18185
10616
24309
29200
55
6347
31139
15439
21989
28873
982
3950
3738
6823
19327
9454
21486
22389
5116
24321
14932
30883
31887
25908
31544
451
11023
29777
5450
6032
3805
25988
18201
24624
20506
12476
6115
14518
16151
28244
25259
25579
22541
7155
6029
5710
12047
10417
10063
857
22588
3195
19768
20486
8249
28344
11045
3730
10463
8236
27609
10113
15920
27677
24469
21474
30608
1205
18152
3284
31026
3752
16329
5193
27088
4119
2275
31498
28831
18099
3888
18428
20354
10533
31177
9377
28029
6062
10237
13025
25965
10
21920
28683
27895
30875
22949
18711
10175
5827
13040
17454
15066
1170
22373
25452
13445
6561
31045
9444
7191
31549
14010
17380
15924
1992
26544
8059
2372
4445
32231
27193
3619
11187
11078
1846
31002
4420
17011
14421
5903
25518
1440
458
15096
19289
22440
26330
6038
14938
858
25570
24927
22167
3348
18843
19644
20268
17045
23964
15476
8462
32012
25633
13416
3822
18804
30474
25730
20577
27428
20007
24552
15421
27810
23730
21621
29254
12985
26653
22121
18442
17867
31759
5215
32009
17768
24489
1920
31257
14878
28685
29687
8201
14739
1057
19876
27013
4306
15760
21781
25657
26851
27410
178
17722
6558
24558
1591
7329
7872
25789
6248
27769
25407
9584
11520
9947
22235
16532
24298
22359
502
23509
16563
31638
2981
25025
13120
20286
26119
19663
5308
3862
5334
9120
23509
30571
16955
2692
29480
434
5607
3648
26873
9582
607
3087
18216
8276
31895
23270
10080
2477
20931
6652
22418
13565
3946
18570
8866
10210
12732
2767
4448
10046
3109
16472
14265
8088
8226
20350
25135
27840
22100
18992
14214
17586
19923
20467
8896
18877
13764
20774
6476
2021
25902
6027
4475
24965
9481
14339
15667
12089
24728
20889
23783
5882
12281
15810
16070
24203
28923
5603
15923
15637
25135
12820
22390
28686
29762
1316
9137
5982
17801
31197
20757
7365
31710
13705
27477
10871
28843
25525
2139
29962
25412
28468
11579
23698
9594
19559
32613
10507
30317
14524
5662
26103
32673
4981
49
8519
10324
13227
20961
4479
13071
24466
20259
26390
22908
18686
1546
19739
23159
13094
28035
23839
11879
9640
23618
2638
21967
20686
27644
18399
30240
1808
7383
28335
14546
28634
19743
9768
8370
22415
22842
21608
18814
16589
30686
22943
17839
6899
9857
6841
3734
16864
14865
7998
15018
11006
26598
18038
28193
25472
23285
22480
14781
17383
10566
29316
23529
31947
15784
8312
6148
24792
2467
4193
6141
4119
5038
15146
3104
26734
13730
30873
32047
24427
8047
18224
1205
10557
29197
19281
24471
20739
1718
18854
3820
9802
13907
8384
31502
9168
13620
1534
19697
13198
22275
2481
29108
29686
20219
9853
31862
25210
16469
24579
23147
3917
13059
13500
3375
15981
16545
26408
24410
6625
3497
25129
18260
22847
25318
15529
27755
626
31531
8323
546
10170
22852
6305
28108
18164
14893
2658
27226
11804
30594
24126
7794
2320
28215
7084
22721
31895
15753
31811
26257
29345
29236
14880
14494
31697
29159
7561
18981
27192
15093
3535
32319
2404
19533
10617
26477
6041
18860
10654
11636
25694
12305
5267
1387
14395
11890
967
28690
27074
30381
234
12901
17356
6849
15957
15473
8453
19006
11942
29287
24747
1018
16298
3055
6290
4102
15489
32190
10348
21984
6908
8555
4679
25322
14410
3966
15447
13595
18644
24523
32758
7669
32613
17406
10729
20919
12174
12406
20453
30419
28489
1879
8017
18850
31708
31194
2382
10327
26112
5096
28661
6962
18755
9704
14559
11510
4779
213
26859
10140
6812
14483
11579
2377
5627
24707
30080
17790
8852
30293
888
9870
29369
28445
5045
25430
23596
6825
927
15656
20032
20754
6332
14856
29498
7826
19759
20251
253
24981
17791
3932
31975
3859
21402
12945
30454
4380
11034
2174
47
29621
10950
11352
24640
21474
24412
3196
20068
17668
9102
6753
12679
8293
330
14027
11179
29458
14398
11842
29834
32233
3484
22979
18300
31730
18714
14261
26780
8947
830
4382
1318
4670
10456
32535
29476
9166
22480
25726
5194
21394
31009
12266
24606
12553
15398
31204
22876
3855
22293
21332
29336
26103
12489
22585
9765
7129
22468
23197
17718
10029
27252
14793
16963
16281
21685
14773
31406
4360
1688
28354
17319
9468
2146
4523
15949
30245
4056
20409
14101
25138
31418
27447
5232
28135
21134
16422
6312
3952
15774
306
31499
29429
324
16612
7244
28014
31077
6936
23078
4537
10556
4786
17986
7145
18777
30605
17499
9954
30441
26804
21408
24611
26679
18133
1882
11746
19059
10994
29390
31582
11443
13658
3173
8049
7223
18648
19466
4452
22001
1578
2260
24584
12612
7092
23013
7938
10253
15734
32402
15975
8160
22844
4548
137
22676
23316
3229
528
9217
5637
23647
2124
19208
9470
3978
2505
17364
22541
24133
9508
7520
465
4607
31262
17465
14642
4182
6383
1158
25423
3384
31709
27973
6584
10312
16140
30935
16606
31107
2712
7871
25288
20771
25313
12967
8711
11971
21286
13475
22763
13253
9814
30394
14583
5361
8738
15267
32403
20318
30807
13004
3329
9366
25195
30113
1682
8693
6997
27146
13594
14162
11170
11829
22177
8418
15302
29079
8795
10328
24752
24365
6619
337
5793
32008
31363
17648
24125
9480
25407
20677
12259
31464
627
3316
14650
890
24625
23955
6412
16692
6320
17235
3416
31212
6905
28515
18338
2528
16356
20113
23438
26617
19779
20403
31661
16209
14685
26949
30871
16882
17054
8787
13882
6369
