7500
12172
8858
2929
5467
19197
3562
16345
1886
28807
11982
7136
23915
15673
13423
16158
29067
14472
1974
12521
10128
2444
31665
24355
16541
3181
23864
32599
2024
23576
9680
1540
15551
9270
21967
10297
24009
20318
14785
7010
14735
25993
7947
1890
26682
11975
15310
24290
4766
28209
19982
4584
10872
18719
13844
20139
30708
11931
4112
17574
8307
21269
4355
7659
2698
5208
10972
8890
17230
22972
15329
15186
18639
17565
19793
17415
24034
17677
9544
26517
19236
26310
12258
29620
12603
27234
931
23532
20575
32463
1303
24235
26906
12029
28085
149
6731
22489
14857
21019
24689
14975
17171
13135
6694
32427
1770
2550
13802
14705
25764
7647
27938
19503
20346
3956
12384
12223
15656
7311
10469
32753
21395
10127
29541
23352
6574
13482
30730
27299
12190
20869
955
9743
21021
6913
1693
10396
11548
21848
7130
10589
16812
19050
16034
27732
25374
25169
20592
16285
3945
10811
21647
22761
9933
15737
1244
10030
18102
17619
9165
27805
19427
31
12210
13525
16327
3602
23355
31574
13616
26197
28475
5688
22566
14811
31147
14621
13590
11635
28146
9316
31536
8857
6756
21663
15885
658
5896
17991
31381
16312
4510
8623
25376
274
6880
25399
14043
11303
22793
21442
10350
16660
17300
25962
6107
15581
19526
18546
9129
30209
6510
19579
21827
10065
13676
25083
27803
7425
22384
20460
3858
14336
10628
29121
23964
15237
12237
4510
13855
6379
13581
13000
9245
11710
24685
24667
17555
10262
22650
21563
8481
1315
5997
2636
18026
24074
21679
5094
6590
30447
10140
16259
12791
17491
18312
26811
14240
23201
3327
1139
4189
31747
6225
15697
22918
14458
16718
13427
30230
21550
13391
14944
13252
26627
24694
5182
19311
28780
6966
8518
16575
16004
7445
29814
25866
32603
15280
13957
372
19853
1280
25628
27739
282
8157
15427
3570
12657
5568
29466
6187
7630
27085
31945
30171
28614
8465
1209
13593
3105
8200
25861
28902
26087
354
12843
32276
1981
18950
12040
24416
18290
7768
15619
17634
22486
23735
7304
6823
11467
16714
4536
27292
26014
30461
16734
5549
12695
14790
23077
10287
25294
28205
24073
19835
9025
21003
8204
9948
36
10898
18986
2476
16248
5005
32654
26809
13279
21481
28422
27886
687
23413
27061
303
4165
19942
21000
21892
1692
16158
30443
7546
10782
1198
12092
3526
28857
16537
18815
23852
3894
2395
9172
19615
28870
21289
39
31402
19678
32379
26791
1550
20293
12232
14457
17325
1644
21648
7341
2982
3069
31136
8561
25026
7094
22162
8068
32015
3192
12947
7662
29386
24475
1641
31727
2178
23173
32692
30517
29051
24187
18803
25169
31569
29366
15819
8044
28125
13498
25860
13110
8796
8931
26069
1056
5582
30017
19169
6603
31389
30886
16769
28864
3455
8188
13764
13921
12701
16348
28596
288
6133
10333
5595
22766
30205
4394
14598
9206
3977
3032
19785
19340
6126
28790
13379
11616
11880
30821
15523
11512
31161
31594
15083
31069
10003
769
8053
23316
20536
10228
11699
7759
3296
28205
14522
28005
13147
4808
2306
12160
3191
109
20327
16277
32420
24029
18804
3994
29782
27338
31457
3059
427
7916
8282
21293
3406
16209
16259
5614
155
24053
30776
13100
17156
30610
31513
25758
1203
9145
18758
3952
7280
2850
8551
3387
31942
6209
15856
308
1121
5657
18595
3492
11707
12629
10070
32152
25080
3989
1526
14041
29454
28934
16844
2078
296
4149
6655
10113
20301
13349
18778
30000
19260
10399
27984
22117
19611
4297
24125
15512
20305
18426
23791
11507
11569
17613
14693
23558
6872
12916
22230
12732
27608
13391
12534
18829
25110
1981
18036
17142
3184
30771
3271
30246
30883
22923
20778
24827
15468
31902
10981
24620
6638
21012
25295
2248
17236
12155
29713
13791
439
27287
2604
7806
17218
16121
8254
2017
21652
12755
9601
26597
18789
26635
19220
3004
22637
8846
24318
5860
11905
21735
22640
28250
32000
2576
31050
25611
18285
2952
10465
13963
13405
32421
27647
14601
26004
27692
7724
14211
7019
26143
20524
27446
10101
16342
28617
4953
29281
3153
7379
1546
6434
22221
20324
19849
25934
18837
13160
9636
9412
14107
23901
28018
9362
14663
15448
24900
21270
23311
27977
12505
19811
72
21375
17873
23525
32700
6767
20068
8777
9084
1201
24660
1687
888
11339
18464
5025
28236
6194
22651
23201
21597
19214
19964
6174
26917
12094
6935
8207
28363
1052
12364
21827
24567
12418
5278
12288
27620
7821
25159
6123
30903
1184
31658
5415
8207
16300
3209
7361
23005
8879
11128
31820
18806
24443
12178
10440
24806
27833
3690
29897
20103
3373
22085
29141
26835
23612
6278
269
3191
939
22633
22287
8360
32425
20980
30492
13754
3600
11563
26998
29167
16872
29060
12556
16525
15405
19866
17497
30515
4305
1829
3466
25964
26373
10026
13791
645
16309
13935
16467
11676
1361
7730
14207
13306
18643
282
29372
4515
20478
8302
13960
8234
22755
8581
13355
10186
13994
18302
11418
1715
11151
30001
15003
25250
9259
2916
2090
6324
14325
30531
29467
24444
4872
1290
25858
20307
11559
19205
25168
17647
29182
16570
5310
21048
16042
22117
21743
12630
22652
8356
30544
28175
16634
27764
24644
14672
2855
20316
9086
6921
5637
2024
12973
30270
20567
16985
24415
4956
27051
5531
13343
9417
5272
19575
26849
31166
15941
20234
30369
21337
24362
16502
3654
4078
18715
9431
30412
8351
5762
9081
5794
32044
7916
14664
11345
2572
5319
28551
31327
9404
12393
27333
27251
19031
3157
26125
27577
3175
5818
28254
4232
18426
15421
29274
12099
21241
12280
31298
2685
5046
29891
7202
17504
14020
2994
73
8527
30475
27615
2556
24010
11291
10089
30828
7058
4801
25020
5093
10766
984
31507
15175
11758
3426
5436
26042
27662
8664
21915
27806
15261
20926
2162
12737
25470
17273
2400
30165
26350
23909
5415
29473
1384
22051
26802
4214
29125
7984
20822
16485
1192
23996
4696
24751
28185
26041
17327
11773
10864
27442
3596
8145
15989
24030
26648
16573
32453
8949
14588
22227
26232
8514
1063
28764
16640
21370
587
10445
11092
21708
19369
14838
12367
7097
30607
11645
1106
22310
21791
17035
9265
8623
8529
23493
23373
32575
24124
2430
29949
22749
12177
1066
7475
27337
24680
11030
13404
22728
30271
23383
6791
23740
30015
13057
13770
17271
14786
5273
14305
11217
2835
32460
26393
15352
19316
3168
28269
16648
26982
12396
30958
27868
30244
708
7272
9763
1393
12472
22338
7862
14995
26110
9638
9257
9888
16876
29154
24223
23544
11498
25614
29155
23315
8744
21743
13493
15485
16780
26652
29282
15390
15855
4447
27288
2495
31624
2398
887
714
29352
30075
25067
14673
10920
18168
23610
27730
24864
5471
31449
21818
12634
30753
31620
28327
20487
9085
2701
6258
12080
19619
9845
15597
7791
6426
25017
23401
15198
7519
30446
7164
18000
11983
25360
20609
12095
3270
31256
1759
28422
9481
10700
4239
208
30561
24283
9048
4049
23689
16425
30557
11572
13386
13416
1626
8788
16101
26088
20523
13102
9649
14512
18574
25879
30469
26317
21033
7594
6488
14058
27343
11781
31143
289
27903
7733
31000
30225
2733
19694
24028
23601
25925
14207
19289
14179
26350
32262
1417
3789
16652
30688
925
17636
13320
27748
5607
13769
1107
17361
8950
4057
16552
17540
16387
6784
15762
12399
10380
24397
27183
22214
22846
26956
25139
28155
21016
3728
24879
18925
17358
30735
31508
16989
11371
23475
15859
23969
10043
7341
8454
5020
29672
17933
25844
15597
30947
5007
18769
615
17669
31928
15204
24769
21623
30242
25134
5263
7375
23829
11175
625
9339
16726
16203
28555
10595
324
31189
7733
6858
27680
22091
8947
27253
24237
26682
1447
30992
3577
19267
773
8653
29818
11222
584
10574
5468
19774
4899
5061
2586
12510
2043
9818
3660
17082
83
6093
32192
12089
30600
13404
30923
17961
11198
30951
8929
3843
28954
26962
12132
29296
17714
9771
12474
7437
14017
1420
23970
32619
30112
13123
16584
3931
7921
7217
1687
11880
6557
10480
23886
22948
5890
3001
6998
1704
3045
9604
8147
20950
13742
18032
8569
25057
32724
19814
24480
9360
23958
27385
27035
18622
27628
2961
28742
6566
28605
11465
21983
8029
1106
8725
28695
10400
3595
3240
12392
8656
17744
2709
9896
23867
28107
24884
4575
12445
3540
9927
29526
3047
14893
12125
22512
27966
18928
16631
19389
22087
1733
21226
11213
9890
11608
23684
19010
32692
21003
30450
6313
5546
32232
22113
19595
4538
6105
24164
12862
27052
28187
21910
8705
20634
29680
31872
19273
9460
1940
3005
19029
32710
21619
23899
15368
18750
9625
17797
17400
30313
15466
24159
14531
21565
32659
19250
27298
988
5696
14025
14400
3095
17296
4379
26060
9265
5701
20522
27212
7142
16577
14378
10037
1196
11566
28390
15929
57
8700
24160
31073
22597
2704
10935
31067
17297
14394
16206
7701
31784
12136
14123
23947
2789
21786
9373
31965
27701
4246
31778
24484
29214
13661
9863
24966
1921
18781
32337
28168
14492
31592
15452
19108
9426
24037
6082
18204
15791
14790
7422
18445
30503
3514
82
24519
19742
3491
28518
26972
16942
13898
9777
23031
15268
18769
19228
15471
24267
17770
22117
2844
21358
11975
2242
23530
3992
15314
13640
4779
4254
14877
25226
3506
9567
16284
1797
157
11723
31762
25788
29042
29602
16073
18463
3054
126
1158
11825
16153
5396
8636
5610
22814
9655
23808
218
5466
30
3517
26384
20659
32358
4905
8762
22571
27482
14199
5134
1460
31731
21327
3048
8007
539
17787
12212
11312
15542
4835
27662
13484
26851
17083
12200
8117
30847
19195
30188
8989
4588
8463
25827
31194
15632
17104
598
21665
24992
19380
17459
14518
31390
27201
49
16642
8992
18888
32439
30054
24660
17487
13563
11343
19649
28879
27239
10890
2255
24992
19776
30042
5258
10033
14985
2760
30371
27388
15653
29755
21687
14009
2109
26440
24788
15314
28897
26827
16442
12056
10994
9783
20318
3252
19775
31018
26421
22624
24814
18757
1966
11735
30
16442
2945
13705
18378
1062
18727
20884
8432
27682
17705
5872
9459
25364
22942
26345
8511
27852
30447
15571
32299
332
25054
1017
3363
12902
4807
2518
518
20365
6693
24712
7117
31717
11863
17793
16494
27292
18085
24704
4095
13693
26494
28351
13087
450
1027
11886
26770
26410
6346
7777
5675
19788
25563
26118
24815
13099
24063
31129
4215
5386
22843
20123
16790
25730
26775
13440
11324
18129
29987
9640
154
3445
9276
9360
8071
7418
29452
31050
12835
13840
11088
25386
25786
21728
5470
4803
18667
6816
2918
17
8969
30053
20984
28920
9921
31289
22982
17389
26365
9582
20140
21236
32009
30002
6125
714
10996
4707
11712
21091
32058
31652
26635
32407
12191
26288
10862
3608
22878
19438
4483
22951
9347
20550
1380
25735
5270
308
21870
6450
8313
5914
16709
15948
9107
12763
4888
14293
27183
17317
12071
26786
23838
7694
15490
18446
4260
21859
19219
32749
14994
28220
6878
9921
21423
2388
26760
27185
26716
408
25366
15798
23672
12414
12024
24984
9858
19608
6726
22041
17917
5737
26185
3823
31001
18295
19005
31480
30095
30625
4949
13354
10445
27827
1536
27593
17235
2104
25707
26332
4957
18320
15943
7905
29378
2626
28108
23232
19484
4755
26110
21502
31529
29783
13871
15411
3185
26119
26309
14014
8233
10260
4925
6839
29784
30331
25968
4389
23096
14490
22037
25457
6879
25409
22152
3611
3870
16653
18378
27564
28330
5361
25288
3052
6777
19222
30176
2900
26223
11237
7073
32454
9786
17762
20178
18300
379
32443
32694
25407
21286
2592
3727
3289
6187
10454
20321
16588
12630
30087
31480
31300
31859
10461
12588
15435
2231
3151
28772
15164
27227
3898
9817
14970
29066
12851
15901
29281
18557
15516
20315
4733
15589
28789
21216
13306
14473
12405
90
20572
11568
19545
14688
4209
30657
26493
9651
1923
32425
11689
25796
11985
3965
18989
30838
13633
16352
21808
19748
30543
21928
11077
742
13129
31292
25407
23568
19902
15680
22087
29948
14900
10869
28203
10506
23577
30426
11769
18660
29692
2328
10445
1543
27901
24860
23271
14207
7810
8966
6400
23537
22060
18754
2526
31967
15882
16884
24103
22312
29452
31642
14963
27854
24506
9453
1956
25596
12069
9223
7546
22344
27678
2251
31586
31541
8359
32386
911
15612
2471
194
27724
16012
13026
22420
23441
21455
3879
7893
24788
25903
24779
23773
16673
23385
1623
27743
18797
30784
32638
15760
6952
16741
15954
12940
10001
24407
6327
6901
19022
5749
28183
4829
16828
15611
21847
18662
26500
21053
26378
28583
28399
6957
30693
24146
4731
26659
22387
9364
26670
26590
26378
5565
20522
11206
7422
3873
12674
16755
18452
32190
31052
1395
10042
26399
4087
4936
10613
31104
14559
30385
27162
26418
4127
555
15681
4417
6822
28342
24695
17749
7310
10460
9139
4822
10665
28400
7820
31571
9308
9364
17832
549
7856
32637
29816
24399
20902
29051
16162
22953
7883
29619
8383
3134
20493
5935
22983
6898
2509
32410
4809
6760
9013
9540
5984
12066
22732
5997
15714
10218
3399
32703
19546
6001
3235
11804
31033
12599
1392
31642
19016
28074
11376
12236
30561
14738
15968
19268
6751
13484
21526
23381
17363
17301
15564
15134
18425
30954
21180
26051
22506
6574
32237
15870
15122
16620
22860
28375
15589
26269
11774
18863
8910
19915
14581
17795
15976
7671
28353
879
28657
11193
12713
31857
11516
13478
11771
15472
24421
4726
20640
20093
12426
10599
3059
15960
5304
5596
24276
21302
10980
23882
20983
26561
17564
9812
24450
865
10813
15413
30936
6330
28517
24927
7855
3446
27563
13665
16233
28484
11150
12814
20385
31264
28076
988
20740
21462
53
16778
15202
8385
4766
18182
31748
21977
20378
14221
32577
27629
21318
27412
30796
22572
20899
19175
23376
28138
330
24976
15807
3489
7771
8698
4327
17718
6583
10710
27334
17790
18543
830
20767
20737
10108
10648
15053
2046
1968
21950
15192
13743
13804
21852
3270
717
29588
29081
27571
12631
21312
10489
31140
17808
19892
16513
6553
16455
8979
28701
31457
20058
23631
11840
17970
4477
228
24266
8441
26168
21702
26926
31471
19247
12951
31188
23021
19878
22046
29372
6145
8004
10997
20325
18369
14615
29569
32749
13023
12249
23591
32633
9982
7538
20157
10711
1220
17341
6719
5218
17713
19599
17092
28198
26927
19190
3504
11077
1898
25022
7722
32666
27745
13114
13777
27803
190
32321
28074
26244
27106
3190
31581
21682
6341
21964
22178
29004
15101
32074
21238
19497
16924
2828
402
29934
30015
1931
28573
4215
16612
23582
5281
23929
14588
7360
1340
27749
322
7955
15896
3727
4042
677
6940
16527
32221
3698
20196
5095
23300
1963
28271
23527
13923
26038
25880
8654
21064
1910
25800
9266
13828
19916
9833
26018
4602
16222
3742
3721
10741
6551
2737
9813
14783
29423
14797
26585
2031
21100
13933
13552
6914
24680
5140
28004
17581
5270
25919
11534
30578
1344
23959
13630
6770
15314
25708
1373
20354
12956
11103
26320
24448
24532
7518
28704
16616
29146
14806
17240
27810
8384
12323
2991
29982
14602
20300
32359
5027
17330
7661
25333
8164
28528
11892
26210
9685
7992
912
15857
3516
16899
6375
23810
2699
22482
25608
16950
17005
18416
24992
8148
26015
27768
752
25452
10113
30488
3966
24762
19949
4884
20235
9164
19143
26766
4038
11879
5077
25860
23743
9384
11473
27930
30878
11495
6077
23450
28821
1760
8055
29113
23443
7701
12429
7324
6587
7022
13394
13338
10260
14883
8754
5828
23682
25563
15170
18210
7669
22550
9243
28224
27872
25288
20713
26473
20461
26182
30655
14643
30959
15462
32046
8124
13847
13026
3861
3122
876
9982
25018
15769
20597
1131
17178
22216
20024
11114
30846
5557
22889
565
6735
4083
21723
13722
25131
6265
2106
27881
7992
12965
22268
29968
17593
13953
25493
9989
18143
2628
29418
3428
14817
5404
9225
3418
26447
20266
20503
5825
19875
4814
9865
8076
15897
4902
22936
28262
3264
7121
28398
30870
1745
32249
2214
22310
9024
20112
14963
5956
8594
23001
16159
27112
2798
28715
8760
30391
18806
28658
12806
22056
18904
12534
19903
30437
23327
13536
25598
29300
16592
16634
13682
5398
11058
17718
12243
7407
2541
13426
29979
29800
27862
12794
25330
27602
26378
14414
11882
13900
10298
7462
26604
11750
16453
5812
31603
8966
16652
9769
247
15115
12930
2938
28973
8753
3330
9828
4717
5300
11750
26798
12787
825
31317
15790
32075
22121
9308
2830
4103
5599
17984
11984
2483
30276
18451
7824
16395
4792
17286
3081
24939
21876
23038
13019
7046
21422
12522
13196
6747
8381
2131
8140
29541
23678
8116
7165
20754
246
23821
14834
29303
13113
27187
28919
21314
7050
15466
22290
4080
2243
14901
32649
23104
25336
29549
8868
4583
12631
8081
29364
21893
14162
22109
16980
8152
27905
13982
24559
17711
22209
28484
19075
25890
34
24249
9124
9345
7680
15473
707
17290
7151
195
3504
25695
6365
32503
31326
5559
5874
26016
24039
30163
25275
6444
27855
436
30088
7353
4237
25739
22290
32042
30279
23409
16993
29306
31454
344
4589
11089
6186
5953
14084
30421
14215
7344
16491
16579
3472
19549
13384
5054
25386
20781
16703
5607
28613
18272
2780
13229
10462
24076
5425
27879
10952
11466
5056
30752
7853
4527
8091
12337
16848
11134
6345
22
29204
17435
14060
16634
25538
16195
3361
16020
25735
24955
1320
21942
20412
838
5573
24867
6122
1179
14437
26786
2446
5270
25093
18000
11033
8558
848
13882
24123
1191
21511
1067
9825
16265
28070
19395
14461
23504
31045
32457
14341
17573
29884
9666
17726
11213
21258
3779
16570
20257
31736
24195
26655
12862
28409
14260
12331
8317
3413
27796
32757
2854
20358
28351
12662
6112
27106
28999
31559
29548
9339
28934
10156
15507
27204
5939
15570
7005
21365
10804
31317
22660
12080
179
20485
2344
20580
10996
12778
8900
8690
18022
28038
2913
17934
12152
25689
31242
17640
1453
20395
15231
3724
13811
29061
12078
21511
32561
22273
4190
31692
9503
4035
24494
13654
17754
32456
190
28686
696
10335
24620
14702
31448
8564
13762
18023
14846
1044
14061
11264
8478
3374
19825
2881
29239
18327
9820
13391
30435
26705
11576
1240
29995
16397
18309
1457
26271
26094
25703
3006
9639
32656
13467
24595
1300
19017
7855
13144
1530
18863
17267
24690
8130
16218
9899
16992
20091
20459
20486
8546
23409
31052
30804
31585
5121
15930
5875
11147
25259
11009
25482
13630
32361
6023
8186
13863
9279
19084
16018
17323
3860
25136
14467
14213
8640
9654
10387
12209
30566
9351
32277
17801
19972
18042
23576
16431
32584
12626
30943
17962
31654
10121
4497
21076
31655
17484
17970
28659
23428
14534
29138
550
21747
28321
21252
6787
2881
13258
6290
8958
7585
21365
9839
24332
13252
16482
9965
2057
14505
13406
15408
2263
14263
26892
26083
7369
4105
19941
28457
21951
29193
24446
30935
19858
23360
1033
29664
1714
1132
4383
8209
16397
30163
24253
25342
16435
13784
2956
2876
23480
17868
22117
21456
15066
24838
12564
15336
8804
12854
28764
1737
17363
29430
15676
30729
22710
10658
11121
8190
3419
31082
6460
19574
32423
14501
15461
29096
20294
16744
128
8043
6149
12376
6767
22182
14203
1468
29992
21256
17647
23767
23481
7417
10870
11636
1161
30672
10844
19394
25056
70
21445
6754
23465
3882
10900
8895
22135
13399
1676
1950
11207
24036
28085
1526
30597
32666
28162
30721
24273
20139
14896
3731
13314
26016
3569
13483
7147
25748
7498
20807
6238
24992
4922
23421
7151
15766
25500
29896
2810
12530
29774
32160
19944
9485
24979
22605
22701
11668
25014
19964
19349
13881
3057
18963
4417
14504
1676
24514
7660
3773
24649
19930
13300
13556
6400
29923
20885
4385
7559
29545
11255
4449
15060
23702
23403
14160
19558
15622
7409
25468
10721
25046
19711
29978
6136
5630
32637
4600
16527
18913
22804
10931
30241
22819
3496
3882
18016
25275
10275
10034
8220
26441
32629
9100
4198
8617
31961
15124
23285
19912
5977
18490
29129
20918
10388
23222
4109
31997
32447
4472
31810
21042
20458
20702
13722
3785
29316
10538
4258
25901
32546
307
1828
7441
16252
22875
16204
3584
3768
15040
3593
10300
3820
9911
30902
32709
22494
6774
31226
3512
782
31504
3565
7130
14582
32167
18812
3701
9104
24540
270
99
27161
1163
17000
25960
6677
18614
9677
9925
8595
9406
14954
28169
16050
28121
4594
4651
2148
19392
12166
23254
29810
13992
24023
3588
32448
4468
12430
31694
21971
13353
13548
31874
12432
31394
5549
5367
12614
11141
13875
13597
31215
19317
2272
17624
21939
12425
9412
29455
7086
27133
24184
31488
12019
20520
26697
21462
16337
20654
15769
32381
12885
19191
23939
26037
19983
4320
6334
1125
6937
24496
30404
17970
4182
25933
30259
22097
30456
9648
11379
20633
10053
21654
2201
2269
666
30584
15755
23672
20144
25534
5989
16937
22046
27952
16412
3106
29215
22701
14178
4187
24982
26399
457
11052
4431
3246
21290
20507
14728
10292
14408
7411
29872
20209
945
8982
13166
129
485
23315
12773
22282
14522
30331
21047
1978
13823
1009
71
18289
12640
6529
708
26554
1417
31027
23907
16384
17551
25567
10347
14079
27531
3650
375
120
31112
27730
31095
25385
28063
18127
9209
6908
28768
20251
11175
11135
11380
9547
4112
13972
6785
1150
28843
11114
17486
2413
2328
25003
17192
18244
17066
29943
32132
7857
32547
29842
26597
2874
190
15193
19712
23251
4979
1019
24862
944
23414
3429
9411
3160
27905
25470
23181
14843
4435
8213
5214
30981
23801
14359
7102
13299
31564
10502
14714
3173
21307
6822
8337
10869
26954
18682
81
5704
8923
19054
446
20450
20140
1622
13363
6463
5794
28567
11596
9887
16069
22436
24578
10529
21899
28077
28440
26515
14681
15891
32439
22921
5959
17950
18773
30892
18212
28658
31707
15445
10426
2751
7430
29531
26194
4921
1037
28713
16507
24648
8837
15123
18184
2048
9602
16106
9048
4307
12800
9165
22490
17157
16513
19523
6351
11873
23543
10375
8786
14379
18403
21539
12182
17749
20927
12736
30576
21749
20890
31037
21013
7927
7682
27646
27684
2831
30502
9095
10983
5106
11580
11849
9686
27334
1569
28347
22876
28375
9791
28845
30430
19851
180
10458
30202
24216
4785
21180
19212
4212
28191
24740
26359
30990
22409
12809
25634
24251
31542
1056
1216
19827
32149
20654
26197
3133
27359
3867
3701
1768
18935
3015
13519
32764
22165
18849
28267
7920
9891
8693
7728
11933
16103
5765
20137
8179
23267
2524
22793
9451
27641
20959
32108
30652
5075
22693
20575
8786
7682
16264
8611
23036
15589
14460
16430
17253
3533
2464
16243
12997
10334
28435
8675
15448
15673
20233
3252
10512
2008
29726
26849
9095
6072
16874
5490
12599
13502
6101
3837
19437
25300
22060
12397
12155
18643
14709
28930
12205
32421
0
17305
10879
1707
3519
31534
27277
30300
599
22687
3531
4655
30071
9650
17526
24763
19817
346
31819
31005
25575
16694
19446
4251
27951
3163
13005
2951
21850
4947
190
5477
2025
2405
31366
1104
21921
17175
3620
2969
27801
7666
11150
434
5777
5509
5538
15690
12677
10669
16223
19898
5762
31251
2389
4768
25273
15093
29530
30409
22226
26410
5759
21077
16514
21344
31555
14357
8800
1705
8198
12856
3572
31798
17344
12839
25617
12897
18674
14253
28517
10993
17629
29531
3407
16538
3827
26667
22768
30148
25739
20579
3205
8334
29912
18876
3316
6161
26908
3268
21412
18153
15641
13185
10898
18162
31688
21335
28322
27215
13390
28203
19507
21937
15148
32457
10741
4053
2998
9347
13823
10831
24006
12827
18716
26503
17329
9188
5222
513
25722
16675
19735
30945
9798
27835
19099
1454
23824
26890
19178
8022
20894
4878
20756
11890
13492
22732
21021
22220
21127
28402
9228
31262
6772
2491
25407
22557
20210
7443
16897
28598
29126
26620
30303
1432
16502
20272
14903
29682
21759
19207
4497
10110
16074
27804
19250
28094
10205
15915
28527
30854
23119
702
4416
15034
14846
6409
13717
601
1668
1426
17645
29626
31078
26645
15140
18966
5263
24614
2444
327
13565
9496
24384
19663
15803
21790
19381
28
28431
16304
28562
19467
15860
12080
12226
30122
16330
30158
7879
27202
32333
16809
4177
21653
18372
31798
2831
5988
20346
14566
3269
20788
12914
30467
21663
19794
13399
15067
10181
1557
18610
16929
17455
7267
15456
22416
30139
26742
4930
2513
380
2016
28214
18847
23381
3277
3398
13097
22983
12937
16928
1720
23560
15170
26310
5265
5717
23310
11399
8221
30856
21552
22318
32327
25325
10391
14457
29478
7506
1191
32717
4828
17501
18236
12839
10686
8483
19180
24150
28597
7925
21645
24936
2787
21373
19191
20322
9610
19723
7179
21556
6954
6953
29429
8427
234
17781
9133
14633
3385
9392
28612
13522
8885
21010
2141
18953
588
8416
29050
13147
26785
22081
10873
17977
6833
4942
16350
19884
9654
9576
10834
32068
22092
12494
7916
4178
10962
26990
13488
26966
17683
19964
853
17851
7973
6466
8012
22978
1938
23991
5885
26813
10422
32594
21844
11645
8040
32672
3452
9997
25821
20501
5098
7585
4040
7840
18590
29641
12486
20609
30373
6122
19962
8031
19683
10735
16884
3221
21519
10556
472
7886
1535
16099
3772
7633
27174
30747
5713
16542
23387
1262
1734
441
23259
20273
6633
3526
5266
32185
7056
86
30870
14284
28471
25345
3573
15574
6378
8885
25264
9309
19814
28493
15623
23095
19835
14693
29175
11003
4276
17005
1282
29877
826
29437
29998
20446
23286
27496
23376
17547
18422
660
15754
24548
1042
9993
15379
15832
1487
22087
31542
23311
23171
7773
28318
17184
27578
23991
27088
28421
13273
13624
6649
26572
9729
24713
19690
398
19766
26800
10593
17061
26305
25828
15498
19226
31698
15775
197
20573
15978
9718
16810
313
11640
16166
330
26118
17475
6767
17080
4385
14599
3365
24009
13209
3811
2820
16407
27179
32498
31428
16204
22129
31929
14573
24733
22614
22977
15597
14740
31693
19588
5223
19987
28355
24206
10447
3990
4945
1500
820
25016
567
28040
604
18425
4486
12712
14102
8382
13212
4723
23244
4505
16981
25253
5208
2251
2688
13605
32536
30727
11152
3557
10309
11385
8084
6666
30336
26631
32618
13134
12206
8151
22319
12962
4358
1041
7929
22039
11624
13542
11209
15870
1521
18641
11451
17742
4300
2076
2176
14663
8779
423
12046
13397
27702
23781
13206
8247
1891
3367
17079
9056
15238
18973
18673
32158
31051
29081
23900
6137
15010
13975
17562
19422
15706
16763
8202
9597
19442
9625
7486
9583
2220
20474
14768
17820
28386
21341
28336
17756
32413
13693
22945
220
18020
8594
13413
22468
16210
9242
12822
26390
12140
21465
5111
6745
1585
3103
2730
22520
26482
7241
14243
19685
22627
4234
25308
7041
17139
30700
14538
29120
17241
19345
9361
19080
29679
23359
6772
24155
11076
25372
26255
1846
24684
11957
21448
7097
10651
27973
16131
1415
2291
6965
27285
5872
31641
9439
9723
25550
32526
9879
7629
8620
189
28140
26605
21294
27600
8235
8196
17069
18760
10789
10287
4129
9805
23858
25077
22084
13506
23926
29565
10996
23069
17763
27901
32473
8310
8831
25206
8265
15837
12136
19871
25960
9713
28437
19486
16788
22959
3422
3582
18944
27015
10431
2142
28062
23989
26969
16486
25667
30926
2361
17024
6406
2201
12765
6596
5097
14625
21236
23475
9915
7688
22118
7209
24892
26142
21908
23949
4227
27954
13281
20811
19869
8233
17009
31876
24439
26445
20785
5380
29693
2791
20759
10868
29828
17935
27563
28624
31077
31683
13254
14620
8427
16951
21401
339
19824
14444
23538
3233
3778
23044
6331
31441
15052
17749
3779
24073
31090
10172
1730
10677
18364
17459
18839
3521
13879
18470
29139
4619
26264
25219
30331
1560
3235
20753
21258
6406
30283
22530
28854
11713
24347
22475
13556
16250
4820
30003
22846
27221
9048
1962
28692
27746
13766
16861
15169
13007
10983
18567
14175
18268
9929
11146
157
12814
15273
30014
29888
9000
15382
17417
13928
31063
30804
8752
30101
30765
27391
4076
8553
17104
6384
29633
26416
28404
10341
25867
8861
17414
29531
1242
9046
31402
6463
22783
27572
4200
21446
23911
19651
930
4890
16296
913
3018
9526
30938
15269
8658
27795
14760
6861
27875
27140
23718
14877
26449
7646
21222
12340
20431
1117
16070
4289
15071
12611
12555
1350
22669
20162
15412
25372
16989
924
21000
25272
25986
1161
8050
23596
23888
21721
23182
11504
20980
31322
14084
10979
12131
10364
29845
18573
18576
9907
15347
20135
15074
30237
15830
20189
9701
31333
18508
13266
2880
10727
18000
4709
27367
2325
23967
8243
28561
29977
7879
29532
16237
444
31617
28555
17680
28294
30528
1072
1202
30502
17930
8208
20891
789
19847
32256
30680
30839
15448
12013
11826
13890
11177
1312
25697
31137
32522
17600
16764
12955
30330
15769
26292
3056
9925
12827
19010
10819
19473
12198
16030
26238
10931
15365
31218
1907
29255
31800
12750
16063
22271
14454
7965
27892
21819
24946
32344
28919
21338
31454
24569
1702
5584
3885
23859
30910
14713
4254
1248
10748
10286
19318
5307
14723
15253
19852
21199
18046
573
26379
6959
5894
23274
10356
30184
9798
23085
482
18740
24029
11832
26514
31728
32387
29937
8098
7248
31728
14405
7449
24274
20474
1215
3112
2416
2301
20057
29616
7962
6015
6034
4099
24419
7956
3776
19183
28283
20096
5544
29945
14685
796
26444
9190
27209
15227
20484
23168
373
7500
11216
23958
26112
4738
7917
23109
807
16819
15526
16758
17851
26046
4205
31912
3538
18609
15658
24560
26814
26090
9939
32061
10043
30588
23101
15585
9196
29396
10034
24397
19977
14492
8387
19484
19538
31711
30687
21076
19527
9326
25637
15848
20890
12419
3831
26241
6629
22949
13520
7037
26777
203
28887
4408
20278
9668
26292
13195
17858
28118
16034
403
10100
32166
10181
22196
26544
10839
21695
17629
4920
17910
9854
25613
29088
2838
31063
15126
23298
27575
18521
9633
5620
18285
6875
23410
20919
19646
28760
31981
4273
2507
7805
18649
5917
28723
21887
24421
12802
20532
16050
13928
27233
3859
26968
8941
30899
7358
31158
7151
3219
27825
20078
6753
15543
30230
4104
14962
13092
32560
24274
526
27042
14329
4842
28840
2670
26634
17049
15415
18736
13244
738
24446
18476
15501
5723
23953
23996
8389
32316
24213
19966
7769
8630
2503
19658
23823
32646
16576
23527
9187
7625
8183
22910
32169
11282
26759
21198
4341
3002
14130
28450
12088
12919
11430
1792
24363
6960
27392
15268
26225
14608
3215
8877
5752
8410
30682
23061
24736
23676
13540
6246
30111
7398
10158
3371
29732
15900
21502
9637
27322
20874
3679
2496
12527
8857
15977
25925
23478
27007
5698
20817
20747
8283
25445
29190
16085
11905
23714
7296
30992
24082
4454
6411
811
20433
24125
21907
18607
24881
2709
7260
18722
14515
29637
8947
15147
27758
26958
1380
27383
30447
7776
429
22490
28228
21664
1907
21818
12628
9256
28660
12969
32626
1231
29245
12113
11825
31915
10140
15509
29049
6101
13401
21493
27098
3436
26785
25650
27937
13789
28099
6579
15657
13921
21407
1576
8436
1479
4698
27501
5114
11891
21591
11697
32705
29095
7267
12503
13230
12289
7216
9500
3867
15173
20229
1787
4522
30045
11443
22094
17880
24734
2251
18613
14805
1357
29198
31547
31379
20578
9765
26423
17692
20363
28051
7793
25130
28276
29671
4742
24561
6470
28726
27534
7744
26734
12744
12795
24776
14751
25874
20420
23483
23066
9444
11460
28314
9773
11236
27229
328
16889
14907
608
14178
20345
910
19761
28115
17856
14640
13094
13986
19842
1174
3377
18191
18134
1547
30911
3039
23610
11172
8927
22516
18136
29815
20135
24864
10248
29704
6867
32571
7189
10756
19120
24947
27204
562
5689
11748
30226
4262
17791
16233
21950
24120
6990
30129
12807
22836
21261
19349
21303
15955
13798
10152
32608
3562
2855
6928
3558
24930
26600
661
21565
13544
8687
15864
20468
31077
27088
29062
12787
689
20568
1516
12033
9732
15148
23117
14729
7341
3246
23698
2205
32518
800
31746
4155
27559
4876
10770
20175
11994
16611
23934
5114
32335
15844
19352
9362
7441
19519
19424
24554
31673
11899
6614
19027
10466
9749
26892
8418
9692
17770
32639
23156
29605
6358
18983
14832
27668
27422
8141
21964
15192
10507
9757
14547
3489
10328
3324
37
17693
21967
5148
6783
19494
3758
3789
3260
22458
10575
23062
24476
11819
28936
30980
6853
17943
6481
19266
28935
20891
27684
4586
484
2500
14250
13979
21584
20038
16147
2252
28341
28017
12997
25951
12346
10336
29626
31865
20293
18292
9763
10642
8510
21249
22354
4552
3991
17478
15062
31865
24073
17059
17128
6672
9760
16646
6150
11551
11257
4007
13277
18863
28747
13813
9068
7892
9124
10447
13415
32388
24309
12536
4569
6056
17745
5573
5134
5748
29426
24601
18352
7924
23933
18835
28720
21992
2438
11270
2407
27602
14679
1322
3198
24141
30957
25233
31755
25504
11076
18908
31612
13459
31957
28974
30137
10370
24412
23521
5893
22447
29406
12152
7717
14300
32747
21717
18629
26394
26401
14765
24343
6364
10737
17976
8893
22863
28838
23341
9449
6894
12706
27629
18371
16977
24043
2302
28427
9285
14055
28348
9215
10786
12644
27723
12415
4185
2523
14032
30063
29517
28150
31969
93
7780
24399
20026
9315
20829
13179
11185
6735
28644
21831
21356
27650
20323
11073
7505
12054
5916
18299
31678
21188
26229
17547
29818
1284
13714
29654
9708
29429
9257
16655
11403
26752
10898
28410
31894
4920
24862
4470
1029
27781
20906
26810
10431
3842
1908
479
30477
31523
20781
16543
5199
3867
26959
13916
18926
13821
30896
27235
15505
4641
10072
30579
9108
9929
12175
8825
5302
17668
10043
20126
14353
16339
29545
29315
30800
11147
6698
29387
796
11386
26272
1499
11735
6349
4952
1245
4749
29105
28378
19979
31015
30649
11903
7210
24802
24192
25475
30548
15872
25487
18011
8955
16318
19585
19529
11563
12933
4197
15149
783
21092
12387
12190
11959
8638
931
18745
8728
6208
31338
28985
13141
15894
7302
28489
11837
1887
18157
16534
7956
990
27809
25895
14998
14066
24278
6001
1849
11208
24663
8742
11187
6607
2086
18511
1724
11628
14178
29594
29717
18672
9838
7413
25289
20935
19792
9051
8371
24049
11095
1262
32576
21943
12801
11847
13686
23958
22299
21514
9013
7296
4650
2749
22973
12868
18698
4314
3441
29258
28629
32546
21723
13955
24583
21301
22767
24224
10975
2144
23188
20354
27400
12982
12640
1778
22904
20578
10147
6035
10649
17723
22440
8468
28838
13465
28215
6314
7256
11623
30302
30142
15555
23674
4722
5859
9594
14625
18000
29450
10746
24574
14056
27385
31046
4116
765
20217
23758
32288
6438
27855
24213
29229
12057
14830
6803
25443
15912
28139
16217
1568
10508
8497
499
74
28386
17398
2322
14307
3955
366
4971
28637
1208
25406
23898
10032
30110
18739
2507
28203
1542
2356
4698
9735
26640
19317
697
24258
4761
30446
850
18219
16642
16908
30510
25401
8243
15270
12566
31904
19680
24626
1016
422
1803
3897
12940
17971
16075
29960
566
23336
24139
15529
29999
28658
29973
7697
28640
29279
10385
7323
19854
24752
3528
2485
10300
495
20590
8153
22477
30851
19232
18880
27754
25345
29930
27090
10275
32581
18444
13792
15321
962
1534
31509
19291
8982
31921
24106
31951
28129
12568
27610
5972
1752
4839
3478
29925
23829
7579
13945
19328
24753
2746
23678
4488
26005
31068
4593
361
10381
12010
21283
122
10911
21798
23650
27943
22170
22891
7208
6223
9457
20790
5523
28139
12746
2022
18197
4337
31059
6592
26989
28280
11861
16438
6870
3100
24331
13161
19070
5540
23604
17644
30777
28130
5735
6091
7287
18139
26023
6604
19572
1320
28471
8692
28334
29340
7599
22605
5020
1063
24400
19175
18077
14074
7829
21533
27439
18668
10506
13849
31329
20509
30817
3995
13451
30169
4547
3573
6972
22719
28516
91
18292
23074
10330
12377
28691
23215
19119
9125
13458
10832
7093
11031
32753
12113
12953
25334
6128
2242
8507
2165
11394
12316
7997
18557
31615
24103
27483
27565
23705
14106
22266
928
18833
516
12291
32110
13995
28524
31985
15733
20319
13108
16169
10329
27473
30148
12170
15689
20355
24676
10566
9604
4041
18664
14064
23836
9342
16531
30166
22778
2166
2614
17296
20003
29491
15256
27097
32314
860
3610
15518
11589
28010
8859
24149
9396
677
15514
7824
26527
9295
14490
9938
31823
30495
16843
27041
28416
27377
2790
2012
29157
27323
3673
8271
15981
18627
6564
15749
7109
15119
10243
21981
11934
31773
20557
4576
30256
25557
18972
19666
6782
3260
20014
903
28636
22890
22027
9593
21423
28222
32488
31767
18037
29520
5068
7263
26373
12967
753
5806
13079
26285
17005
22743
12550
19679
26641
30323
26325
20681
30866
19321
17009
25394
12774
11535
22325
20884
21745
7327
5299
12751
12897
12588
23218
13853
32471
10983
3699
32073
12871
25853
5433
13084
30369
6580
22535
5401
27057
11446
13484
12138
13892
28588
32765
26137
18572
5391
32098
7811
8645
17723
28564
7434
3865
2502
9892
27403
18369
783
12096
22800
13934
7194
1842
28998
29159
12443
31529
28209
10483
22864
4540
2462
1401
21140
10156
14297
19174
12594
8553
8993
13263
22903
21976
31577
21208
27787
5716
28160
31444
8193
30707
23139
29229
13228
16906
5649
30086
31156
9715
21904
19872
9450
9229
3406
31866
20825
16901
24282
17853
31517
30292
26196
5718
22393
27913
31779
3941
17443
2505
16101
14422
16610
19220
31148
7245
10075
29385
14951
22216
5416
6125
11422
21376
15403
1448
3171
17808
3362
2960
17797
6616
28795
9003
4870
26788
361
3758
13007
10889
32567
21771
419
13456
26845
16171
4946
16279
30417
14968
6959
32499
26399
17567
14531
2650
20412
17556
31939
7937
27415
29910
14912
31745
4850
17140
30750
24063
23920
18512
5831
24076
4207
16419
32288
14282
24343
7873
26557
15056
9651
11807
6481
27472
6080
21394
9064
5623
5188
25305
30808
23317
5218
8798
28532
29950
26666
25785
2180
15792
13750
23414
882
14262
28274
1816
8262
7756
11963
26717
6996
16579
15276
22212
14772
11559
4916
8269
31219
28192
17004
22144
15624
24598
30248
27824
31626
24984
31181
2945
23328
25343
6242
15784
14392
6478
5097
23026
30716
22621
9967
20104
13953
22583
17506
12657
9538
27072
2467
14936
11726
24219
5852
2448
11453
10314
16788
24661
22760
29335
21888
11861
10970
15667
22428
6255
22657
14494
32635
23738
14633
27206
23259
14281
9644
23539
20349
12077
10466
23138
28468
25916
5215
1840
21051
23057
19806
16891
27595
15828
26104
11459
3309
14396
22170
20374
2446
18769
27573
8044
13265
10103
15287
27728
8617
16040
14651
31424
28838
13569
13692
19543
31759
6272
26384
23465
14642
6668
18643
20335
11768
31157
25889
26852
13756
2110
24904
12654
2141
25048
23868
11137
14226
17969
31629
2752
5758
12717
9623
14182
16261
7155
24569
8421
11357
32684
17224
9165
5224
3975
27908
1774
1345
15489
31946
21441
27029
29027
29132
3588
29236
10124
31871
3749
5479
14576
6291
1505
6277
4961
808
26797
22465
12558
24895
19797
16454
31305
10862
31587
12422
29837
11225
12994
13006
25279
14173
28195
17950
15028
21262
9376
10553
5108
31972
20127
23544
29629
22193
12794
19171
6731
20054
14685
22786
13655
5687
23279
15345
7134
492
21044
24115
30499
6970
12594
15304
31991
833
3282
27906
7992
29686
18570
21396
21656
30164
17721
7660
24223
7631
30546
5315
12532
26506
10301
26354
24024
32713
26362
26503
11251
4905
27656
29208
14675
29967
29829
26967
20402
13022
22678
999
19959
26477
24841
23406
19200
25272
8249
29164
21919
31189
21042
8523
30178
4906
2070
10551
21400
17118
8896
20271
9744
2957
24742
17628
20772
5952
772
18594
21366
31900
20023
13430
27130
25689
26982
28399
3253
8950
24936
29343
10436
6827
21218
24483
15263
31136
32688
19321
13215
10332
21383
17170
14782
31872
7128
13096
18591
949
30455
10962
13518
31459
15996
11350
2632
17828
28906
62
25406
31224
24206
16046
7190
21562
7594
756
2227
10066
2515
32097
3830
7469
21144
22359
19076
23402
23908
7588
7626
24662
32422
9486
21567
11291
20014
7471
14825
2612
6874
17796
19491
3876
16755
30912
26525
7784
27346
614
6052
3242
30023
29334
27300
12855
3387
25639
28651
435
14611
26871
17071
30476
23640
4223
18003
29356
30229
15531
30694
21747
7809
14568
30957
28132
2014
18302
14178
5406
1697
6432
22268
32270
25811
25281
16305
7268
1207
1450
30074
11459
5805
32202
7510
13757
26198
2637
21393
5374
761
17520
14150
27847
18214
6291
20259
1439
921
21903
11116
30789
20832
17995
26946
13288
20289
2442
31526
13466
20054
7175
23225
32259
12794
18628
1989
11858
1769
29599
30849
15737
5538
29222
24337
15514
29712
26284
26701
10684
23146
20893
22467
11203
16216
19726
9471
19103
32599
9880
32266
30659
4958
19303
21296
31449
6850
14990
20486
5812
15447
29085
26028
31366
8920
1910
19024
21331
6280
26972
4595
4517
1562
28237
17520
14210
22734
13458
5306
17051
5086
32148
7525
1734
4376
31729
18024
3246
13516
18383
14369
18633
6376
28017
32665
16011
29538
18952
18442
25562
15318
10955
19870
22721
21617
25161
28026
18280
14861
18430
30459
68
32669
22053
8767
9867
6348
22990
20456
235
14305
26928
30236
17019
17126
5184
24272
24562
9225
899
6983
17687
31042
31008
20693
32376
26422
26681
17129
11103
4956
5755
15947
19458
2398
31732
18849
16378
4034
21797
16184
2294
12233
7001
13313
9649
29847
22325
20442
6433
9621
399
31503
29170
20
26244
1313
26162
13363
16068
10438
22350
10498
29489
4400
21053
19431
16041
17554
24571
28481
8735
6113
14905
31820
24305
4056
14419
31813
27509
21310
2178
15566
5589
4715
2387
5011
18718
2057
22359
1326
10387
30488
25372
21320
30023
18996
9053
13825
29163
14363
14198
17554
14564
4458
3610
20785
14497
7079
25672
15414
18987
7556
12411
635
5629
98
20002
2824
15127
11029
32079
30704
27726
31207
2739
32374
30694
30687
13258
2676
28002
15683
6995
12542
21915
5979
25091
13890
12560
23928
14202
10930
12413
5941
30582
25446
23471
22525
10055
20923
6806
29645
26499
32321
21660
28987
11770
10964
6709
23736
23532
24584
3255
24850
1146
27083
30829
18749
30555
1861
21734
20306
25552
20995
8083
23768
10202
8277
17554
8259
8106
26356
2500
7098
2393
24040
12325
4381
20697
27817
16221
28487
22572
8581
12178
9360
4051
14401
25985
31382
29578
29699
13517
24382
16178
20592
23702
16117
28687
19985
12878
21564
26163
24059
28360
4195
14906
12463
20882
404
6968
27711
3717
23060
18672
3506
14746
31942
32327
31146
9472
13041
24568
68
25963
28482
17288
22592
28846
16917
25213
21858
2700
25328
19915
24087
29643
29520
13711
25692
3979
24233
22783
26076
29398
31656
12961
14168
4728
21179
13500
8012
785
11731
10765
976
32616
21865
3770
12220
10498
7871
30092
29455
14068
12136
19800
8850
1781
6666
6846
15032
17591
14435
31254
10697
7032
26250
32168
1343
9684
887
15387
11889
4061
23238
9009
10862
8045
23480
25265
12588
5819
16763
932
14306
9517
4267
32707
31410
23149
3608
27953
18827
20415
4810
4710
7246
31634
24898
30315
12847
25428
24579
16717
16479
8075
23889
204
29672
26146
16441
9555
19160
3840
19153
19245
2209
18144
20929
9205
18880
25692
3330
5198
31389
4938
26086
22997
13746
19020
26201
19796
19696
16035
11622
5433
606
19012
3325
23622
13316
30766
13555
24713
32519
11002
3914
28303
7701
4532
12723
7381
1795
24297
2129
23423
2997
30209
7616
11340
575
719
9302
5834
14409
12135
9384
11462
13752
27696
30032
13063
4747
32314
24558
16956
25602
18385
5997
29746
1286
32594
25480
29002
15813
18493
9612
29227
3741
25228
6751
2484
8763
25667
32193
19252
11012
12617
29394
8414
12211
9590
21972
26231
2884
9453
23347
7250
9234
1708
8130
18046
7740
3425
3656
19518
3404
25215
15931
27577
26907
18322
12235
5619
18927
29136
2339
18172
12263
17392
14571
11880
22937
23103
8721
15358
28153
7408
13513
25781
32125
19635
6354
13276
7806
15754
19707
31896
10466
13272
24551
16275
21752
6075
9741
6387
16803
29340
4354
19081
9659
27397
3067
13899
12464
12978
398
23813
24176
6890
28344
13643
17035
17168
10020
28338
3733
5493
11946
30016
22477
1648
19479
18720
24571
18865
14636
32410
26015
29138
5097
31299
16199
11823
29963
15729
17985
6904
20435
22258
21618
22404
32521
19454
22918
22248
9025
3433
19274
7881
13917
19741
30037
26734
30803
18376
27630
22553
6448
22226
9770
16024
17501
24210
853
6423
28961
27841
16275
17208
7272
6959
7111
3942
20419
2740
15540
14694
6575
2666
1379
26414
23322
16153
28868
11259
3619
24307
11927
16798
27170
21890
1933
27670
2280
25566
19627
15204
29000
4387
22000
8091
10966
32546
21559
823
16110
30551
31327
24495
19192
17436
16808
78
2027
10779
19808
26430
27408
5641
12736
2278
17417
21138
8721
20854
31761
23183
18962
10431
23173
7039
22174
26697
29348
15413
29066
30623
7827
15310
13517
750
11171
31974
22755
32718
7127
4364
8819
29792
8353
22642
21295
13465
13037
18921
8699
2525
27744
30477
32338
30928
1506
8381
8934
6505
8026
28623
15239
13640
13496
9729
8774
8265
25657
23346
30682
32601
27110
6866
6979
29064
29791
30103
17581
20320
14038
23409
18326
29813
23646
20929
16435
18238
16486
22982
12304
29475
4224
6999
19960
2263
15208
10200
3348
30952
20801
26983
8022
7317
14625
4694
30489
16607
24528
8414
3073
26595
17357
19217
26409
13414
658
26385
14973
13234
19225
9088
1892
31137
22943
9271
6307
17143
24744
22331
21374
4596
835
5612
9247
31018
17551
26240
2364
2189
4222
29104
757
4297
16857
177
26875
12504
18821
5990
27639
25043
23300
32468
17962
29960
16958
21462
24400
14414
18050
28178
26571
13461
16072
13099
12029
15041
15161
10809
14582
12985
26609
25462
22351
24762
3331
2105
18773
5362
20413
10025
10091
31050
6446
4266
7593
29059
17894
22428
14793
16772
765
19013
20548
28146
31831
30603
15544
2818
16421
5223
397
28043
31663
21910
2776
29280
30034
4498
6271
20444
26564
16064
5023
9662
8864
8683
21290
16183
5150
16625
5077
15170
8225
28092
10033
3892
26744
32116
7703
6036
27229
32755
29258
11052
5442
2938
29528
25696
16078
28834
31425
5311
6178
27285
11099
5848
2144
8061
16373
29263
4206
