10000
1341
11579
1584
7159
32352
6874
11650
25523
17230
30692
4640
17641
27590
11893
8644
12850
11400
14999
22885
8575
7506
10339
23235
7005
6926
15721
64
20344
6730
20818
25329
21086
32232
6596
1781
26758
17943
28038
8709
657
11138
17125
12365
20175
31431
27990
19322
1029
17450
24156
30741
18798
13195
28076
23823
24575
9365
27792
6557
28911
18233
2185
11590
9591
26714
16696
9785
27607
13002
30078
2533
3481
31862
19427
11204
31513
29661
31284
26231
28741
16839
12400
27416
22178
29491
10982
6860
2192
16273
12183
7831
22990
32561
31457
12661
2368
26108
24415
20646
32752
22114
7435
17993
340
24723
13221
16940
12495
16882
13401
29923
4217
30918
22172
24855
23843
16435
21591
22305
27542
2154
20807
20183
27420
16156
20899
5030
12610
31796
1024
30434
29403
26309
25203
31833
3656
26177
28405
13614
19191
29677
3851
15589
12842
8337
19110
3258
25850
8820
29255
6455
5019
32647
28776
28165
31201
10209
18968
15363
1283
5227
4837
3477
1696
15837
22526
5439
6399
32745
18073
19058
6299
15541
4499
18597
22239
21647
23126
9384
27182
17885
8448
11317
16166
2386
32706
17353
20262
32360
13701
22193
8205
31754
17364
3432
28997
22928
9206
15904
14849
1009
22362
19359
23746
29492
22329
26188
13344
5160
10102
25482
23751
31317
4297
8004
24768
28210
17948
7113
10226
11161
31029
21467
20968
25719
8854
29442
23764
23496
161
26663
15828
11459
4608
1629
20085
4689
3908
10242
13174
17092
10188
2055
8398
13254
1513
17804
7919
23183
24127
17840
13645
15452
3695
26535
7706
25372
3827
16141
26452
2668
15433
18553
9474
6341
15187
19542
6331
14580
31998
25582
29287
10187
9506
21704
3658
2583
22697
13876
21566
24274
14068
5412
7231
24985
634
2621
15405
29024
15538
30254
8910
20324
14644
22593
9235
19041
27675
29487
23196
10757
30637
13369
17021
28325
15678
4212
28995
14640
30033
19557
3890
28513
4865
25037
30161
28728
30367
30662
6057
27818
13213
8463
5449
14488
28074
21669
9101
10238
4383
21651
10016
19565
27290
30474
10560
9915
25064
1460
2497
8441
23593
10054
4693
25765
2350
1877
20234
24865
8230
12394
20500
5732
20346
19544
14541
30704
25589
16077
16378
31747
27432
20008
1360
11026
21773
20106
24631
17267
22762
816
3021
17754
8568
10752
21550
31494
1093
25953
10483
20796
18519
30800
14584
5109
16402
2225
31587
25428
14940
23522
18913
29914
3838
16790
28723
29917
19021
8417
21738
7222
15371
23439
8046
20027
28040
31674
32581
21229
17164
24476
30866
370
19577
22433
23004
28357
2349
27328
16145
29868
8998
13580
17867
9450
25961
5254
22225
31926
29092
6198
10465
27757
30994
25978
24749
1924
31903
1949
29219
28864
22605
23979
9969
22185
7638
6788
28233
5180
659
2864
23009
18912
25756
6002
27711
667
11057
12448
7219
14726
1624
8881
12709
21374
20936
31640
24464
24861
7942
31953
16207
15592
10958
19257
4376
22986
16820
20770
26054
21954
22539
1703
5595
9432
22790
5181
10693
26709
28957
907
5984
17971
22450
29308
30909
21715
23541
31890
8226
28398
14597
20093
11601
974
30040
6124
2061
14270
20828
20387
25563
26815
2398
32205
12550
27516
28332
148
7909
5248
7158
32496
4960
24999
18682
32188
15281
22482
353
19215
6760
26847
17123
13257
14002
30169
18098
14188
20698
16747
31254
11822
16400
26267
27220
5452
23914
10165
10197
30112
8232
10628
25732
6262
20284
28360
20856
32412
27658
10213
32723
19896
14956
10969
18666
10206
2553
10096
422
8546
9351
27579
32042
18667
1518
19646
8885
30153
16655
1897
6858
20617
13845
11722
22415
18886
32251
29824
31860
29506
12111
29811
26900
28469
24629
13506
27488
27108
2478
4349
23802
20854
12314
20373
12255
16387
29948
31888
11849
19439
30206
23681
29140
12918
7477
3000
21983
4231
18085
7606
26933
7638
24328
20708
8941
7725
24523
10884
24206
32002
19546
3815
25463
18255
5277
10720
31614
30622
194
15226
23768
18531
2622
7398
27449
143
17934
4535
5179
28258
17475
14674
19204
1153
2237
13471
26403
19784
311
21509
27324
10337
7300
24982
29669
1686
26391
23430
23887
6115
20681
13026
21033
8144
32727
25214
22849
25598
21802
29232
7021
26879
1500
14907
26921
29034
28151
31502
17281
29487
128
7471
27698
30505
30900
11634
16652
5874
12433
26990
26266
3323
16536
28721
1541
2780
19666
27443
8758
18920
8977
17289
18491
2565
3704
14171
7916
29371
1085
25496
6606
2698
3502
5608
21303
14465
4978
31459
20915
1036
28178
31872
15527
1806
24504
25808
17460
17967
23350
6380
16478
25464
15433
44
19310
24349
21791
27545
23444
23193
29976
4517
8145
4608
19658
29210
9236
32657
21319
13905
164
23947
4258
24996
6333
31299
29103
26149
11390
4722
2315
29073
16899
9683
24924
1663
10702
31214
17626
13789
8811
16174
7695
3229
24403
3130
21978
2476
30482
9090
21178
12324
31909
14104
32073
2498
18470
7874
28167
11674
12971
13389
10329
7945
18795
18980
1746
6380
15394
28705
15536
6415
2743
31394
4266
16361
13852
32736
13545
22662
30839
16252
24660
7364
18559
10331
3344
2498
11304
28852
71
22678
7810
29799
32553
28478
3294
19857
21809
24025
12084
23389
4010
15384
16321
11037
4721
31471
22004
30617
27132
32400
26763
12966
32411
5273
15098
19707
3326
6796
14860
12353
2040
26753
3020
8041
18306
21527
22182
28994
10499
24496
970
22859
1231
27102
209
12998
7405
28952
17571
525
26909
16306
7064
8233
25625
5132
32477
17569
15900
6409
31514
24976
6305
17090
27217
1530
12141
25468
1290
14944
4815
3288
3757
2962
22311
4426
8495
14277
23973
14796
23536
12773
6739
980
31204
28461
31574
31619
4850
13044
21873
1567
3225
19658
31178
12483
32217
31939
22769
22357
2641
29203
22302
14265
30885
6107
13754
17732
2082
9283
13857
20596
18853
7625
22951
22238
32696
19161
25305
3943
18943
16285
31749
1719
8147
32278
9980
24555
24108
23660
23062
3466
27844
9602
28279
5819
15993
10190
17297
15541
12531
9832
15338
5238
3976
24672
30495
26808
15708
8789
27946
30753
19149
5699
20192
25530
31246
17821
20413
24994
30481
412
15588
2052
18091
9686
1378
17478
12531
26898
6067
21123
10987
12379
14471
18748
866
6227
14022
3402
22296
10442
8401
16919
4132
26255
24331
2574
29843
14214
22424
11088
2130
19707
32612
27817
17998
2102
31847
16066
29913
3408
15656
1432
6480
30789
10624
5676
20218
26697
20641
15485
1332
21856
14422
23987
26827
25641
12685
2717
31914
11258
22034
5725
9653
9010
5021
1378
11764
9675
26639
26775
756
18991
13049
30938
13162
30797
16478
1712
28698
30443
28858
4663
5111
25406
8770
8028
30604
18104
16238
6733
5018
16161
5813
24626
14083
27881
24471
16408
21478
7101
4321
2093
10252
22872
27693
29491
17539
28316
25256
2607
14472
28385
14104
20065
25515
20877
285
16249
13101
18916
30134
4616
20141
20770
6408
10805
30723
5831
15707
11953
8813
19251
29542
18413
1257
30834
20428
24458
11233
23897
10726
29713
19981
32466
14275
21732
26774
25460
11117
23156
26231
11607
13678
28341
22313
1574
4243
31183
30847
4469
31472
1815
6095
22869
16420
13885
3666
26918
14559
19654
23757
2733
25505
31677
10865
22887
31428
11686
11008
8220
11196
28852
12338
13494
21406
20796
27223
18004
25823
14440
7229
20891
23134
9008
18004
12108
23461
17798
3344
28956
30316
28113
24207
192
4447
15517
7036
13639
31778
1169
18227
21164
16529
26273
806
10156
6476
32389
22911
15829
12659
13161
6919
20448
4526
230
21574
31296
24177
19505
7660
23035
19326
6546
19567
3513
26795
13848
17142
19738
11237
10636
28022
2637
23669
1187
9754
20959
17282
24439
2537
23760
17879
7224
163
2284
19175
16927
31723
11096
5390
1188
12715
29036
28442
19185
21941
17344
21258
19350
5798
24458
28182
4222
25104
6695
9711
30498
13272
759
839
252
29916
22382
9620
2111
11481
32104
9233
11461
2957
30653
6
3401
3352
2326
3146
8406
15784
30975
28166
17535
24661
12093
6843
20817
32074
6497
30599
20102
6950
3741
32164
5115
10146
9687
2097
28901
21363
12796
12085
10943
25970
22679
21473
26759
18682
30370
16917
24105
23441
18331
2854
19516
15819
731
32223
10220
11116
25380
24517
32567
7885
19577
19359
27997
17281
1074
22838
13201
31799
12111
29274
18933
32738
2829
31013
31941
21016
5047
9092
27090
6840
3519
12274
29235
8400
9485
22407
29751
27838
5783
8498
24990
21909
6194
31299
1544
32194
29351
14380
4525
751
522
26504
15439
25895
4167
3164
5229
26939
15870
14237
20154
31333
28049
5619
10701
20268
25723
23485
14874
21895
5859
12885
12833
10821
20848
2709
31461
8108
13664
30874
12448
5985
15060
31943
22453
13192
11630
24077
24038
9003
22302
31082
15303
3552
19769
10928
19058
25254
5068
12936
8573
3601
2863
15798
4393
23463
23517
29087
3292
1673
21634
8712
6610
15702
28246
5152
5647
7500
27562
29377
27544
26800
17600
22515
994
31856
22240
4018
3979
18696
2472
30705
30280
21154
24228
8670
799
31873
7967
6248
8406
9119
7224
28670
15019
19605
13624
922
5445
26812
6178
767
13291
30354
28812
13887
7668
351
30894
6783
6270
17432
8377
15358
10339
29571
16490
29012
28777
29596
1758
23544
16313
31800
7336
20997
25747
28904
11297
5438
5951
28704
17407
31567
4423
23960
18473
27478
9443
27635
25802
21665
26805
27039
14244
697
19382
21756
9128
29344
9585
31680
707
3416
5743
10650
10746
27556
19698
10773
29625
1811
486
8640
17512
31801
16916
652
15680
16960
22425
8053
4445
31648
26518
9060
12564
17450
6186
28500
16262
8267
21149
9140
1653
29071
30174
22797
23639
5220
3376
19429
12457
2849
24352
32739
12934
23110
26810
7732
17784
31237
6396
4908
14478
258
24715
12081
29615
27736
27045
20181
3885
10460
3159
20034
2461
16805
21232
19419
4071
22476
8885
32288
2969
18288
23766
8402
27521
7677
2977
15704
23162
17838
28662
21090
22662
2641
763
7884
27165
23371
16400
5061
20933
28379
19206
12848
2019
10915
18059
22346
25809
30052
28393
15502
12592
22025
19697
11990
4224
999
5425
16578
31214
19523
1902
31837
13164
28948
25166
22526
775
25867
16212
29293
2677
2257
27409
23111
238
19856
3481
25764
16190
24756
14133
22262
21015
17651
9559
26677
1707
31882
21459
23865
9594
10442
11851
17511
20329
17108
30187
5263
12565
20897
12119
13077
102
16709
11490
9551
30823
16244
2305
28975
18261
16709
9471
28962
8950
5686
32754
7991
30507
11376
31213
7044
25289
27213
22391
29126
30373
16664
6460
25159
27374
23828
31747
12805
16064
5823
13536
17936
30197
2391
15787
3636
26943
29342
17840
728
23668
16347
6824
14886
20264
27681
7657
22636
15233
5075
6617
24514
14151
24936
2984
8942
11067
14188
13631
24452
5290
15303
2931
17234
1345
10306
21631
24826
21795
1095
2737
22497
15161
11240
22371
13128
16329
18468
14893
17593
15691
7269
12377
32165
25464
19788
28823
3147
28835
1201
3826
16347
5452
5862
7427
30684
13811
3388
6757
8907
32554
14793
18793
4101
32750
14440
15370
6375
15927
256
11555
25907
31182
28426
31199
20149
4447
25165
20337
10279
15823
23788
24838
27475
6095
17059
14840
4727
7090
7502
69
8429
8059
2731
15167
7947
28475
14176
29317
3401
922
2880
14641
4769
1715
27338
31059
27196
6949
12786
5023
21578
6502
19493
10082
3634
14171
3463
5819
5611
20006
12671
6919
15529
12864
8821
32157
19645
20935
28378
18620
18102
3353
3945
1217
31181
32161
25261
21917
31616
7921
452
3207
17020
3601
21090
494
26816
21271
31257
19378
22784
26872
5847
9107
27463
30622
24752
4586
13537
29755
6365
12439
3960
7132
27141
6714
7037
31809
7612
22950
16842
32492
19274
28050
30853
10872
25517
13458
20295
3628
16097
21830
1661
3024
3678
30417
13839
29631
22755
23949
18240
10046
25458
16382
17878
13580
11163
26628
19578
9275
22270
29780
4193
24893
15372
20008
20524
322
26637
10038
10765
20418
18023
5087
7468
23125
19741
5546
14921
28363
21142
10736
18338
16249
28832
12505
23575
8657
6324
16519
13708
6966
15740
14480
20111
12302
13714
10674
30522
10520
15243
26050
30043
17151
12084
19430
28627
31792
31771
9476
10556
29929
18769
9338
19919
5523
22127
24848
22660
28498
10711
23082
21370
2778
29756
23875
30618
6532
19813
24470
28536
15521
11821
8222
16761
22286
19407
9665
9531
7433
14432
28105
18481
22082
27805
24211
17806
1589
7911
21131
21861
28344
2956
20312
30478
8400
4680
15699
6859
4041
19724
13118
3755
23174
1021
10803
12975
16149
8896
11738
14380
27782
4853
23775
28784
9982
8193
19875
28328
29191
18449
11058
258
13610
7772
7798
17678
3776
8872
22442
23402
18693
12815
19472
32414
9582
29955
31719
325
29245
28304
21656
30574
7762
4321
816
3905
16196
31494
19218
23782
15792
17396
13550
7586
7121
30413
10733
13891
2641
9314
20270
28863
16223
11767
13686
15640
17410
11590
12579
31106
11181
7622
28258
1480
27155
11052
5538
9708
15164
18738
5193
30734
20953
30872
23973
398
16341
23913
14373
6005
19756
2688
27337
9745
12544
9802
24279
7136
24810
19662
2512
31664
27278
21226
13218
23043
2930
20191
27935
18872
31504
2576
19118
31720
6953
16390
14144
5903
605
20152
29574
2412
5369
15369
5474
23210
8208
13459
7067
16575
10957
26531
27092
31765
29191
25732
16575
16103
16918
23809
1678
9199
8933
28965
29610
30782
2633
26693
30632
23659
2193
31553
27257
239
9055
5126
24032
464
21174
9815
9001
9597
21587
1486
22809
761
18753
23837
5665
21308
20904
10906
726
29143
6886
26107
30886
20694
5088
13149
30915
25578
15258
18316
3940
18120
15878
24958
30509
8908
21274
32032
4331
6114
5157
9046
901
11430
15203
31548
6192
2506
463
179
9953
1208
3896
1049
9992
15737
12439
22359
14459
21462
18592
19489
14512
30653
11927
26489
14384
22758
28517
28277
25672
14773
9451
12355
14594
10595
22422
12650
3924
10585
7732
7250
23446
16860
28678
6919
12345
18927
23830
32314
22711
26229
8394
21897
8390
1175
17082
23808
7121
21349
14783
25567
168
192
17740
4253
28023
15735
28930
9774
10229
19632
30334
11906
11741
8842
29046
11854
10658
22016
6660
17934
8031
27153
31041
25675
26124
12829
19478
27929
16632
21907
2127
31461
11635
14025
14321
7277
14539
16683
7886
13328
29307
25240
24150
23624
20126
13321
2992
30069
3242
5492
27658
16604
30298
16624
19245
11503
2796
6425
8276
14031
27277
14006
30014
1295
5650
31129
17282
8123
22248
8391
15395
27032
25422
11737
11620
16046
4801
6050
31453
23556
14008
4114
23503
29867
27538
24922
21429
6141
30157
9809
6427
19751
32632
25111
24243
2021
18923
15096
12966
23181
10165
23699
26664
2383
21206
17723
16207
25275
29487
669
16165
387
26934
8611
30204
23427
12526
21913
5121
16894
28951
6799
5140
14123
2721
22270
26327
15600
15463
16558
21509
237
12058
2262
1542
2492
32123
4998
29632
18807
3278
15938
7343
14715
18827
31215
19256
25452
7254
15348
20794
31610
11057
2713
29415
28642
15089
10418
29650
4535
17646
9346
31304
15074
5375
19930
15588
5480
934
22401
11870
26603
8327
10200
7076
2932
24863
7358
28716
28271
10162
18098
5256
18679
13957
24375
6971
26196
25422
32381
12235
10178
7913
21565
31767
9332
9548
26597
30699
2777
27069
9205
22226
10014
4931
12457
2091
13044
7514
25048
32127
21139
28906
15388
11026
25343
2426
21811
30392
32138
31393
5029
2282
21658
27070
4519
13337
19884
20457
10048
26178
31897
6186
24490
22723
25624
28136
24059
29293
8069
20388
29957
4058
23009
14823
30330
9729
13849
32376
32084
29447
3211
7123
14195
12633
8646
10455
29320
247
14993
10431
28723
31507
12592
23379
17768
9178
28642
23903
18711
11922
29870
11621
22028
18405
16991
26767
25620
23164
25294
21479
15457
464
24159
1482
19759
7997
19662
17306
24744
17753
25388
26548
15109
28035
8996
25506
25591
11199
3971
12945
8005
21697
2552
20485
22710
19015
15895
1739
1841
25004
15780
11312
19235
6330
12815
7024
19489
3265
18235
1393
6607
26597
13187
26801
5120
14524
255
17789
7710
26649
31747
25189
8653
16674
27369
13548
9419
16297
29457
17028
30234
6329
20261
3513
13922
12654
15010
25516
16273
30730
13972
7619
12228
21318
2977
11167
7018
7142
11592
31054
10918
21648
25195
1474
9718
5086
22283
15746
13843
21682
31572
28064
23320
8394
21465
25323
24293
18836
7968
2405
18118
9027
29793
8184
2128
30242
16267
21604
1420
6696
16008
23420
5208
28877
25538
22930
5385
12573
16870
12080
23637
14859
25832
32265
29809
24327
15431
31278
31094
25299
31378
23429
5385
5266
3627
888
23867
17186
5963
10986
6830
31403
32582
11375
14842
16504
5392
16060
27726
16646
21248
13148
15195
9307
12757
3493
5229
31897
11511
1515
3803
723
23551
19699
29090
5663
17784
9130
15437
12525
20199
6935
14104
18583
28170
4239
20052
19257
32606
14888
15629
12226
26083
22384
19179
19531
22563
23134
8534
26280
32369
7304
31709
13117
18031
29847
14297
13843
4051
16376
1869
14892
5738
13525
19217
21267
15709
4164
22576
7350
8115
29886
11406
11640
2583
3282
22222
28291
16859
17946
5490
20059
15678
14447
28996
441
12522
3417
22261
18070
5825
31689
29701
23942
4569
11275
23266
11591
21445
6134
12884
17562
26391
15206
29720
11857
802
10476
32460
19370
19717
22211
32523
10459
10725
14342
29656
32750
1657
30241
21056
24015
14284
24198
3131
7588
22846
22689
32468
11868
19404
30733
2953
22155
14994
32520
24821
27253
18574
25892
13996
10344
19367
13888
103
12112
14574
23991
23649
17285
9763
12759
16640
21991
1147
21397
11704
301
30880
13950
25389
29050
29690
25841
26263
27185
29485
21644
21611
24075
1507
24292
17976
19815
971
12921
20430
24289
4834
20457
22438
26149
25329
26467
20094
19718
16982
10847
2628
4810
28680
25996
18485
21960
20182
30474
6726
6966
24047
29914
17347
18748
6823
6035
18742
1868
12152
15702
14218
30902
5191
6403
26224
1399
1001
25005
14850
9554
27366
5708
10150
24867
13181
10674
566
32367
4840
10945
20830
2367
15329
15578
14405
12335
6756
29848
12143
9922
31927
27839
5602
504
19880
10095
23943
17187
17430
3998
22228
1270
11186
11973
24488
32479
11015
27352
31094
21143
10936
24700
2726
22519
16905
11637
20280
23309
19617
16221
15531
111
3471
31388
23837
17359
906
19860
26035
17616
21117
1052
3131
22040
26179
28464
24592
678
12974
13542
10814
32102
13519
23716
6375
12035
6513
27537
14822
22013
11495
9545
2225
27899
30728
17621
4996
19298
11895
16858
31676
13350
21032
30224
21889
18145
12319
14070
10919
1826
6779
14277
9430
28167
948
18338
8937
14862
24353
16407
15765
28968
27325
14276
32587
18703
17962
19794
21343
27098
31478
7849
28777
16079
23070
16483
16876
18808
21200
18816
5429
11001
9845
18267
3462
22432
7663
11740
9076
10430
9247
6128
13198
16565
27051
27702
24639
30035
30206
14844
19190
13406
18832
25193
26755
5744
30055
25083
29893
5125
19422
20021
18818
4307
3749
23441
7318
12634
15881
32700
26960
11963
28021
1026
2329
7373
16697
7175
16214
22126
31115
21689
15504
1047
11979
28546
23762
28852
8972
32194
9555
8370
19663
20604
17749
24409
32529
4176
7757
13916
21129
4521
5956
942
13355
14647
16253
8600
15600
1184
1112
21769
14041
2930
32374
30253
29490
3165
6686
1856
22036
23199
7904
11685
15149
16319
23160
16690
6083
9598
29429
26063
32247
7179
9242
25407
25927
4214
27652
12093
23639
18279
27405
24011
2033
28688
31473
27591
4938
25440
16687
6079
30087
25465
16562
15622
12415
28517
11953
25863
27843
32516
3796
730
5852
15177
23192
3349
25043
1702
14324
27109
21239
27077
829
24925
15066
14457
12359
2573
16285
756
18125
25559
23661
10042
32274
5374
31310
5846
15305
32128
1559
9419
31282
5286
10174
28621
22919
17625
32470
15537
24726
14775
2134
21795
12463
21606
4508
16023
12480
14888
23730
23938
29631
12592
22991
22729
24136
16309
6689
20857
20360
16708
24521
17082
20825
26202
28456
7678
5038
21042
1369
30590
14130
19164
6142
22247
11052
12175
16960
80
8870
10560
785
18800
25806
18803
12468
20238
31900
2898
17792
7864
2997
27388
27105
10424
17552
1823
24479
3652
20439
201
12899
8181
8464
3451
20855
8315
32380
28544
30413
8078
16447
18556
32579
295
2754
31304
6181
1265
2134
2557
26099
25082
26138
14671
2149
19119
6174
18973
8109
27911
10440
8261
14076
17150
6007
13757
14407
18245
2663
5344
19787
25144
22485
19717
20943
8976
10851
5462
15145
6490
17597
4576
6403
25256
10365
28390
4959
16518
9292
18043
2521
19119
3402
1104
14380
4481
10161
15306
1016
17583
693
9303
22467
12854
19374
12291
12093
12690
23672
28742
14536
20273
2330
15648
12343
19496
28839
21096
22230
17957
21858
22370
11435
7076
16421
1167
20220
24678
29444
23497
8210
30239
28461
9871
7228
7536
4626
11933
22
4884
3531
25791
9226
3422
16565
27112
12568
11747
12384
11902
4819
15220
11176
7161
19116
14415
22561
31916
2163
10389
11961
5602
11291
7423
11160
10285
5310
21965
13643
18939
24800
4608
32546
20586
1016
24265
27350
14942
21805
31553
11631
20944
31581
9306
15205
30569
23139
23830
16390
19535
26010
1783
9239
11839
31645
24246
26558
14812
12113
12600
21408
18246
8742
23741
17734
5359
21401
29275
6853
5290
2558
2987
414
3845
14460
10434
11491
4313
1625
10850
13979
22303
23415
15474
12392
11525
5663
17580
10087
28738
19966
10646
8024
12198
18541
1459
18687
6133
502
6906
30665
8949
28947
6791
6835
15558
26168
5265
15464
21362
11540
9372
20137
1221
21269
11759
17650
24159
14122
15433
16987
25607
18124
23760
24252
20546
3135
842
18196
17188
29205
20367
15660
21351
24565
18238
14967
13754
5274
22448
14909
28251
24862
13354
28408
16616
10617
25687
26367
21107
20037
5877
25697
12756
25540
3278
27668
14915
23075
12266
20559
1062
31488
11011
14900
22567
24619
5433
30386
22666
18345
1543
2730
21693
26879
9590
21072
31537
12205
3216
12245
23913
32504
2584
3395
31313
25324
8056
13736
17104
21154
18939
18806
19616
26559
27708
21034
10078
12093
27615
14636
2013
30574
22398
9718
15808
16189
10470
1913
10056
10936
30596
19644
5994
8395
12058
4295
25125
30286
7862
15807
786
19011
29669
27474
4669
30552
30244
31830
31539
16052
5783
16300
10844
4079
10238
6251
9355
4706
21220
28986
15572
21410
6681
32510
23710
16199
867
5814
4600
17394
14449
6818
22577
18830
13328
17067
20130
23765
20386
17407
20943
13334
17611
7164
10927
28982
30573
591
18503
17654
7127
18013
14206
22387
3385
7138
19756
6643
26715
6871
13940
26078
16015
30362
25428
3339
29925
12361
32634
16189
9117
18542
27993
26862
2530
13282
30589
28491
27061
6123
11291
28031
24615
4520
5869
22324
3531
3247
19772
9303
9067
27892
63
27164
9978
4077
2467
1347
1226
26867
9835
14745
16639
15596
21498
27329
23876
16679
878
21044
18108
8583
5936
22151
24635
12772
24265
26605
31927
20142
1272
1532
24057
12499
9217
21172
2968
14563
29767
22205
5672
30067
18717
23280
6831
26815
20442
31513
6744
20883
17707
22011
31340
31595
5294
32405
16509
23001
5820
4772
24293
29479
24710
6761
9583
24125
23139
5548
10835
22470
4200
23041
16232
12943
28986
9802
18325
10031
28448
3965
136
18157
14172
10920
5291
5598
29628
6194
2388
4174
19052
21603
23869
8033
4110
28966
27443
16634
24588
7438
25874
26332
3885
7064
31472
20752
11367
4784
665
26502
1013
20854
13116
22271
22697
29761
18787
29993
18306
2532
10024
12300
2433
7729
17574
3238
1977
19900
1199
30930
30118
18146
16829
29807
26047
23561
10026
21949
3150
2856
10915
11530
9344
7819
14810
2959
11192
19152
28795
12693
26409
28214
27234
26588
26532
21783
1547
2108
32686
10162
11081
31117
24534
25902
27195
8901
19782
4060
1660
6496
9879
28349
17051
3845
10986
2116
32715
16998
14132
14940
1499
30568
28121
5037
1896
14980
31869
21019
13905
29548
29718
10896
31851
2802
26438
15868
11382
10278
17129
24474
16208
18623
5354
4212
29033
14525
13658
21545
21623
11596
1475
17134
10603
1770
15033
31955
5795
32460
25523
25160
3681
17278
9497
13791
31100
18635
22686
2899
31317
20188
2000
10186
23565
25764
29933
14167
501
27003
9721
31683
27462
21000
9741
22669
7955
13413
28914
24623
5243
24446
15599
18083
27427
442
5854
23846
2020
8926
1157
31548
27072
29998
8484
30964
19227
16853
26699
7789
25383
29830
8942
11417
23457
2660
10939
25409
20155
26655
30635
10313
24921
23392
11224
13366
19839
19304
4494
26605
28938
23796
16292
12221
13471
3427
22541
6048
24290
2330
5290
29886
10216
16680
5730
18483
8430
1062
10869
16146
17483
7777
31245
29610
16803
17724
22551
21512
23134
20943
8528
20925
25176
3796
25251
16097
14554
7620
14770
31831
19914
14141
9139
23891
1822
19111
11901
25626
6806
16663
16354
15369
12203
26483
26432
5337
24003
17368
27987
17185
23206
23096
5709
18972
27957
9288
18985
12973
30810
16537
5948
21408
12859
7428
17165
28467
23475
8268
23910
18901
3074
5887
2475
7725
25795
26525
29291
4702
16927
20988
6965
4746
15169
15851
1197
13461
1801
23830
22238
2347
6405
9258
1490
32260
2717
24377
9312
13670
9357
25951
22854
30444
7321
12198
10872
7559
23419
22311
4791
9922
24353
15986
5476
18250
3349
27184
17559
10413
2365
19719
28012
13410
25796
2750
24221
4106
14680
30370
32086
12021
1174
20776
7236
7400
22466
2259
18672
26141
12220
600
843
16524
2351
11265
5001
23145
1292
24655
29235
29166
12599
23523
30328
6746
18816
19102
16069
21050
1236
12296
1941
20199
17076
12014
25737
8528
11495
29776
4027
6137
8556
18810
17232
580
30899
4464
20812
14576
31757
13711
28074
4063
8288
17778
24237
5404
22815
19987
1905
16668
6009
11314
197
31812
18897
24059
13373
7596
28527
6115
11650
18211
5237
8403
5613
17011
18964
14728
3668
17382
28415
4922
23332
13832
23584
6523
5808
29359
18827
4963
24009
3385
32688
24554
10895
4629
10452
20885
20870
24453
22210
27989
21741
31649
4285
4268
587
2976
32186
17169
3658
20563
32460
13974
8904
19442
19936
15304
4908
29979
29866
11478
10998
6936
12255
5110
19099
24417
4773
4357
18063
26721
32328
17005
15523
12669
16942
13644
21393
7251
30733
8403
6357
10047
28763
28908
28863
27940
17158
25631
19655
21097
22630
16566
7200
833
32368
25887
10896
10032
24108
14227
24958
28107
25961
14581
8013
22719
30895
16125
6376
26388
373
6549
31134
1459
11412
10115
13617
26918
27900
7753
16425
13472
5797
2377
8814
4669
9673
17453
6166
8330
1617
29830
13436
22856
28557
18099
15250
21869
10279
29189
9592
4716
18010
18465
77
7350
16479
21413
9285
17281
24872
18958
28155
14792
30033
21721
29449
18579
17492
30184
25815
30328
10748
2856
5552
18530
25628
13681
21531
32657
26752
9901
4200
30946
22308
6973
137
4433
23716
664
13859
13244
6388
6965
23269
29674
24145
1452
1817
23243
23671
4888
26232
18433
3093
21183
8003
3232
28286
8949
12175
9010
30113
18749
13537
10495
10299
21938
20986
31883
22091
21925
9972
9567
29127
6536
3982
26892
24461
4618
7109
12654
21660
2180
30372
10286
4996
13972
12124
11146
7707
263
6295
89
12146
23037
12810
25929
4615
3655
20553
27500
9788
532
30432
14323
11528
8397
6303
4921
10989
1085
12853
26883
30506
5877
29441
7686
19249
13807
26660
24233
26203
5489
24027
19213
6619
27956
27404
9290
20721
12230
23326
24316
26976
20781
27150
16127
28705
24781
1727
24694
5721
31372
3986
21010
29321
21299
15671
9361
25092
25623
12227
4996
7847
31226
20994
11094
23748
11052
1806
4234
1375
30965
22048
19524
24733
8248
2215
16907
17529
23888
28311
13005
7097
10046
15620
28963
22816
9734
15087
10967
10982
26710
12384
27556
613
7273
19381
15676
17429
20523
28985
2192
13242
31902
10488
7243
28892
24700
7890
31903
6008
28190
26831
24645
22773
20636
1970
32447
8537
19510
21969
5089
7357
32242
22563
15503
12543
16007
9627
4296
16310
11386
22708
7908
17515
8583
16206
11289
8966
5954
15544
24132
14982
16126
4622
13030
4085
20718
197
26477
9627
22154
31620
14006
21107
29748
22837
4047
11739
30236
15965
10753
25487
9313
12456
6670
984
8825
2249
19639
9217
24018
13952
2689
25355
20409
2812
26809
9890
5756
32100
19382
9295
10699
7601
24158
2798
11876
10686
8940
24675
11504
30882
240
26505
12327
12349
29846
8811
3643
30993
17196
17591
24948
9299
22751
10863
29719
30786
13253
9954
9101
5816
33
16347
32449
12799
18914
10520
9162
997
26476
5117
8394
15123
411
10122
23574
21146
23813
13451
18327
1999
18560
31246
25456
25177
21733
3610
21472
648
14867
16030
3690
10729
3382
32424
25140
12823
11337
13271
24494
26067
729
30739
25459
28759
3084
9083
18548
22248
13795
12959
1363
12459
2492
23792
14605
4281
15899
28533
27356
22133
5545
16319
348
22558
12157
19230
13548
7072
11419
22037
343
4528
20154
8204
23220
1815
29771
32581
10634
16462
5558
30993
21048
29516
10215
10820
19348
5020
2057
5094
2259
9394
21649
8235
15017
1663
22399
29605
11184
28739
26080
24249
15374
3491
22680
848
16467
29179
606
718
18336
22005
18184
18504
3342
21339
14345
17138
6221
4905
23096
9430
20876
8679
30931
31180
3225
24117
10691
10918
20298
13736
26401
16555
22299
9172
25082
32071
8728
10154
29263
6656
32510
8965
18528
17580
26781
22655
17195
11233
12416
31625
4143
12206
15568
1723
30837
2696
23926
19560
32465
1671
31872
30070
13158
4819
11718
25196
24680
19801
25037
8909
29734
21698
16363
30373
19527
30373
27564
3681
18003
3579
14709
31971
14710
9684
5735
4054
15745
13385
10118
575
25394
434
25627
15701
16821
4121
12119
7059
32106
5870
13624
25099
11241
26363
3761
25597
14660
19099
28933
1192
12940
13863
27764
2912
6550
23730
32281
32225
9726
31990
30995
29923
5997
31373
2787
7919
32024
5989
24341
25968
5769
24942
9763
26637
12706
10389
918
16950
10719
4342
10094
20221
27867
5453
5828
24360
10262
3502
26542
5508
1013
3703
29795
23932
4106
13186
18847
12265
17558
11167
21577
6700
15692
6209
4692
15227
4440
5495
19171
11384
27808
32286
4528
1288
20042
16470
6574
29794
4222
22066
6893
8038
7533
14004
20414
14641
30098
21240
19737
2542
27447
29615
14907
22510
14140
2767
11155
26364
19220
19849
9439
490
1040
10876
1683
17008
9184
28712
27258
2871
12887
14245
13215
26672
11374
26516
21870
18730
9356
25431
5655
19108
14340
14973
20531
223
32223
27776
30634
31032
21213
5299
26068
26037
9910
4726
12510
9950
11941
428
4720
10190
8487
5999
8588
16521
24321
14082
25530
4752
11648
21254
31074
5043
26116
28401
27001
15143
16064
21693
20575
1240
4283
21213
30216
16128
16154
5749
3931
22009
9122
30154
11991
4688
9337
16120
10364
32026
22316
24291
27881
24203
21750
29807
8130
2756
9280
9204
27988
28909
23396
16108
25468
8324
24758
5103
20932
14580
27589
31458
29904
30570
11230
29035
28921
22244
14290
23463
24631
30347
11001
15648
30532
14914
4983
32249
1534
22911
5566
4204
22286
20569
26965
2679
12999
26339
4823
2001
2384
17081
32574
26659
2054
14040
25697
15733
7708
17843
2748
32486
13444
2435
25712
21409
7443
30430
5514
2572
31968
11659
20872
3907
13805
19349
12826
31428
5129
30366
27429
620
16628
3958
13
27298
17349
17388
24116
18130
3977
29412
190
7709
25901
5802
408
18510
3230
10630
15288
5904
10542
14481
25254
8031
11578
6342
13115
14141
12553
29276
8616
31654
12536
5716
10427
29381
30420
21070
7774
7784
12936
13984
12641
4786
1528
681
29817
25871
2092
11107
6792
1901
945
12344
18462
25514
29756
12823
7744
19272
1937
198
25193
3944
9635
4730
26575
21750
17405
6565
7655
31009
2144
11535
26667
6670
32430
13864
8987
6093
26118
6557
31362
8588
22833
20009
29946
8970
22077
21934
22706
9807
26983
19588
19823
32155
32575
784
24529
18844
8710
21913
18904
12259
9819
13912
9382
21913
2839
7630
26503
29294
4213
21851
22574
4051
19062
20491
20546
18537
12931
1459
31769
7097
31828
1085
30403
10789
12818
11072
26442
27934
23480
17876
824
16280
13759
30372
6746
19131
15098
10820
4036
10972
1471
965
25621
24747
19527
30599
13564
25262
31831
2127
22011
25326
14880
23193
26219
7408
18021
4656
2241
16358
4059
11771
7951
18727
29653
22042
12494
25309
29216
20530
24026
6909
22572
3588
702
1661
10093
2629
29234
9409
15105
26537
26594
5974
28819
1602
6257
482
22655
776
702
9819
12599
21945
26214
4472
12773
227
906
27493
26706
2110
2002
16571
11782
8512
19633
22447
30897
20972
19179
25994
2505
29163
26453
14425
16757
16861
31964
10469
6314
3313
18377
26853
1683
2227
5700
371
21815
26406
25110
5565
10582
20243
14259
15869
16787
11936
3703
3755
12505
7204
30256
8176
6135
14650
15837
10591
8845
19477
30645
1504
19244
787
32363
13292
10937
5780
24497
9728
22290
15628
20475
30539
5364
9559
2949
22698
24861
27469
18583
18903
5293
14999
7944
29406
10450
5057
2305
12752
23972
26511
24835
12474
18510
31893
299
6104
3183
21250
26549
12295
17600
31421
1216
2425
24310
4019
5456
31404
28394
20591
12185
2973
15607
747
25723
8505
5027
7077
6729
32020
4226
23286
1230
25949
31832
21663
24210
2322
28286
5541
18265
29808
16263
23648
27629
10670
3874
5838
23325
12778
24898
6957
11270
14948
5757
20168
22929
4586
17330
12049
30525
6803
11503
28912
8991
944
26514
10843
22823
24576
26542
14887
2980
27683
31920
25117
9482
6481
322
18257
22259
12364
17007
19631
23141
8339
25096
31703
1363
20441
14407
28715
22886
32181
30899
30757
28669
3995
7747
24815
26482
22795
25286
8237
13727
13320
17794
20509
928
32204
25884
12771
30427
19386
12472
10782
2878
27796
13408
27583
25288
2542
1194
17691
11851
32227
3477
17215
4976
12550
18613
8067
13307
5275
7824
11106
14928
3336
30535
11912
3894
24710
15993
27437
7388
32284
24164
15522
17178
12494
30285
1065
24824
4882
20514
22538
6004
22147
22879
10467
10624
13273
9006
20800
7499
5913
11730
17259
705
23561
837
18822
853
12007
25888
3030
7934
25946
4540
20834
14975
25513
25751
11965
25324
25131
22009
5920
27242
9983
7639
955
16950
2044
32247
9549
13801
18667
30549
21491
27642
10740
28358
12605
20356
14935
1243
12423
18249
17245
9480
31111
24056
24461
4101
22818
16299
4642
25973
13444
12468
29373
28870
12911
24985
16728
15704
3795
17501
30331
13793
19616
18177
9138
21264
14808
5963
14398
7536
31208
21446
32267
1680
2616
19978
25314
23905
29953
16957
25056
25055
9823
10202
8487
15347
6055
32689
6099
22936
17658
17200
20528
30782
8474
22752
6698
23915
31613
12850
16900
680
3232
30332
8013
14491
7326
24383
4112
1393
30721
10667
13388
17023
9944
16741
32163
15656
6666
2183
26454
24321
17129
24809
27249
8499
18698
23199
579
20257
21077
11202
21777
23627
4440
21876
21772
20850
3552
6686
28031
5374
23499
10492
4173
4764
13336
8924
14235
1579
9280
23586
12234
28121
18377
16
15784
26505
16408
31044
29927
32121
24199
17282
21198
9761
13495
2740
28974
31582
32552
15151
26008
27855
7686
26424
8397
29055
4166
9671
25206
31941
9458
20107
5397
14953
22209
14125
9788
22024
1515
21977
12029
20922
1083
27899
161
12273
10086
9286
27036
29861
21915
13051
18113
16814
16475
32616
13491
4721
16779
22447
30108
23230
3784
10184
24353
3321
14074
20681
25749
19320
7724
1381
4460
18733
27547
20403
2035
7557
7692
9265
22591
3983
14947
9737
17251
7265
18546
147
16103
15544
4623
31258
19573
11742
22633
9187
31188
16849
29596
19307
7451
31393
4226
4337
8478
29978
204
18228
30253
26275
20818
126
31486
12902
6824
27873
29159
22961
16370
28097
22096
19356
4089
659
9833
22509
31870
29411
29976
18744
23502
22940
22582
27211
26774
30084
1786
31433
29689
25350
15541
22292
32224
9012
13248
22384
10129
5132
19635
10854
13444
15866
13784
11879
3441
6815
9952
3762
31150
14545
1236
10104
696
25059
590
30013
13840
9254
4072
4993
14664
26287
12533
3744
25693
27227
2159
3319
22087
23569
12849
4936
14287
23623
15462
26719
8353
8136
21826
23542
21154
3508
240
29911
16259
32456
27595
19008
3223
479
11472
3211
2273
18873
3155
270
18802
10236
8946
30017
24562
14712
25800
27934
24444
10159
27875
4302
9135
9109
7415
7553
3585
32148
25939
23966
11607
32467
18709
27676
979
26552
29338
18223
24301
14252
27705
30248
30150
8734
20785
18070
16824
21706
2783
25778
17714
29499
28213
21242
13507
27534
19815
1307
13940
2170
20967
8724
11099
25741
12948
12697
14189
8888
6703
14517
31636
4110
21006
2484
13826
4809
1300
19264
15556
2702
12000
31434
1690
1522
2885
28204
13830
28988
6650
6284
23203
8812
2707
5763
23736
26237
9392
17790
18189
29672
117
27237
25341
26217
9018
11131
23245
10245
21635
24966
22076
27468
16178
1071
17755
6876
13051
13739
19871
25126
6681
12699
3381
13173
30527
9009
10389
28460
32722
9877
22106
4174
9813
31111
23889
580
10533
8005
14544
987
31078
31663
22345
15245
3645
10665
10014
24833
30783
4289
26039
8149
18730
32274
25811
6042
9171
17511
14875
7456
2144
10148
3325
8436
12471
5986
30391
24360
4407
31962
10418
15442
20901
8196
19730
29655
21097
26624
21899
31594
4602
31412
11382
16335
1687
32695
31780
7909
16440
2669
114
17123
26308
28532
5789
17122
26756
2367
32600
11420
27864
12289
1820
23411
24360
26829
2240
16565
9758
4091
32329
286
23314
717
5123
2974
5574
3155
29137
3421
8276
6539
11969
26365
10084
30925
8931
1823
15010
10342
2908
20008
12656
30852
13494
24389
18391
1106
8058
684
1988
18019
21249
32037
21105
19540
21127
201
7713
19885
26753
6922
15376
10761
15408
17396
15018
4727
25975
29363
14331
25119
29418
23380
14439
27177
5671
14800
21915
13530
27241
20038
22979
1024
2394
28296
6909
3729
25129
20697
11022
16783
1757
29685
12117
2094
25577
18514
29949
24377
5632
32422
5494
14258
21034
8105
16165
27833
5144
20764
30298
20654
1716
27658
25219
5530
23293
18510
31648
5323
274
24917
11255
14783
30604
14373
14857
5188
9489
5790
3780
21980
28711
6144
11258
15974
2373
6830
26386
15355
6960
32562
15358
16919
21893
22656
19565
7161
1425
29055
24385
15948
12649
19397
29763
23558
26935
31650
16405
17041
17107
1377
9321
16681
13203
8138
30833
8069
15459
32748
13718
26553
7192
4633
23661
1883
31745
17457
9703
3044
19135
17700
21704
32346
14679
23986
15194
8748
3718
18037
18786
7006
17493
7970
13907
16357
9196
27404
7106
6229
21419
14057
5146
21433
2935
19417
12689
12994
25426
5028
24922
11813
28719
4675
3868
23614
8964
6307
7332
23033
7712
5285
471
15090
29887
8809
10474
17627
2268
17100
23253
31263
31558
23343
20484
14276
25078
25211
14672
27286
14496
24417
21807
8066
16264
7143
25895
29504
15511
12832
6025
9525
21166
22074
14683
20887
25402
447
17558
5842
11785
25620
7826
10794
9052
15430
6846
8098
7229
5
5524
26909
27922
29681
15308
20676
1651
6421
20944
29351
6201
5041
3953
31143
27351
28477
25560
9107
25326
25514
13759
20625
25371
32747
29665
8640
20
23988
2478
27419
15091
17026
3140
31905
13777
20955
13211
1715
5783
13527
29695
7613
3089
23263
19396
8472
10564
14261
6453
2351
2818
8884
3277
24801
31675
15194
2986
28199
2454
30467
5694
19959
17088
15351
1864
1896
3076
11687
16130
23062
17821
3636
3740
19400
12872
22833
30698
14672
21661
31658
5466
28339
13982
19813
15912
2698
20369
12135
15061
12456
31755
29626
7637
20477
15438
29294
5256
32698
11476
28638
17515
14262
27948
14389
2192
26641
26885
5168
9035
13335
14217
31525
14383
21607
1260
9796
8760
25684
14916
26909
31306
7819
22427
29538
25050
19702
13378
24558
26091
28641
6505
13575
3645
24668
27373
14816
27841
29152
21105
17762
16719
22325
8368
27180
1435
20114
22801
9177
30054
22791
7037
27009
26353
280
24685
18818
1975
29867
15175
29312
20827
30244
5866
19882
19168
26830
8327
3647
27160
31869
21684
23121
10591
15473
25275
28874
9609
1406
23096
28844
22552
10090
22243
9629
16818
13719
7850
32162
6355
19169
26115
3115
20672
17610
11904
15952
3260
14805
29603
9306
21373
12079
6645
29829
5857
20884
21586
11012
25566
13681
29575
27462
20151
25158
21535
1656
28534
11599
24185
19275
662
10083
19742
759
512
8732
11602
16256
19001
4152
19945
24375
8153
17727
4188
27013
10559
22630
20508
10468
12419
11956
21542
9774
16812
28771
32472
26906
31011
28041
12291
8707
5736
13816
3393
8428
9988
26722
9353
15810
23999
31937
7424
5600
27154
3573
27154
17113
25567
26287
13506
28273
8032
21903
28478
26604
32094
3209
18103
7820
2979
3981
26479
9557
2481
30311
18196
9235
9652
1508
26956
22942
1462
25654
21137
4957
28946
27801
7487
15881
11819
26167
25835
29619
26717
8777
31735
11017
12852
17792
8035
27605
30684
16547
7398
11462
30169
15481
7998
15987
2040
31977
5316
26525
25734
32608
25667
5812
6079
22643
25610
19613
21385
5318
18240
9395
26467
8492
30072
7692
29848
32271
133
2557
12984
16915
11408
17376
22600
12278
15976
5652
31673
25531
1048
28742
151
23303
19391
21231
25859
23755
15516
5150
867
1059
18025
24952
7256
29310
6890
9085
15601
27904
26053
9741
21790
26916
13972
10794
4711
19622
20793
17663
21213
25760
22641
12321
17489
22515
1709
28438
965
6376
26909
28180
20768
6679
20749
32266
11046
19080
28532
20965
26534
7449
20170
24844
7157
7967
7963
21292
27036
25168
2138
22843
846
15841
30455
6071
32285
10987
5811
1583
17133
16403
28596
26629
13352
4202
22996
17010
23475
29074
14911
29642
13601
27939
16189
20482
26663
24908
3660
26223
1872
5310
6258
21712
9970
16837
2257
19343
24673
23736
380
10052
5474
6548
6793
17275
2019
29924
22376
27319
6633
17380
1651
1975
18889
4069
16069
31735
16027
16627
28752
16250
30956
23478
14890
11719
31667
22166
31528
9266
390
18978
20654
21852
4622
179
30661
30205
3001
10572
17518
9953
30126
12741
9015
16433
11782
3113
22795
25076
18489
25436
30030
28117
12246
769
10794
20007
25464
30362
32547
11814
23541
9201
4594
1920
29656
25784
22928
10516
25362
25452
8081
6905
8940
16255
9139
962
20032
15541
7607
29440
20969
463
4463
13577
376
10855
10521
5112
25640
12315
2539
10741
19989
28397
22255
10423
6568
18666
22033
14918
5462
11530
27511
24326
31114
1368
24336
27889
31455
20562
8304
5156
19603
27027
31963
3229
10041
17839
31647
20803
10157
9567
21671
3110
6733
990
13646
6153
1638
17554
18289
15134
3565
25583
11976
32528
30064
12185
28790
19014
26699
18888
30942
7783
19743
31729
13241
8217
16000
7331
27237
19471
31726
3247
23680
32066
26375
3979
18102
10366
24826
760
19415
28961
7231
14819
29741
31520
13958
32393
14092
7754
12013
32735
17066
24273
3189
11825
30257
20230
18615
19209
16915
15972
21203
12370
25246
22992
16042
4797
10448
8479
29773
17252
17772
21977
29620
13486
19021
18236
180
18034
22011
8068
19243
7519
7548
5738
26494
2459
18541
11499
11077
16554
21329
22090
16964
28306
27688
12888
3998
25148
32068
15603
12101
22814
23128
5837
11189
11799
17362
19311
15330
28570
13418
14461
7534
8463
11515
31291
24352
11126
29330
336
12178
16718
29381
13770
1065
14773
16967
19299
11338
9936
27065
11010
9419
11117
29890
5509
16296
21479
30561
25534
29688
30282
32130
1979
27167
23992
6352
13131
6212
17676
203
18365
774
25788
31002
29419
30314
6148
29218
7544
19224
23873
6103
3669
3016
13723
17106
26506
3831
10214
32677
24627
22750
27338
8299
24520
22948
31266
3235
24226
23507
7075
17214
12219
14089
5822
17142
6070
6896
9159
19682
21791
1647
22102
13639
32243
16162
1774
14002
22115
23816
32732
31555
1237
15996
29026
20556
18220
30823
28949
14363
3401
5811
2180
19987
7377
16643
5914
12546
8753
6049
2886
26542
21216
23735
14040
29617
1252
15811
17071
1671
24472
20805
1425
3302
2476
7354
16986
1101
30829
14030
4441
20192
17479
22990
30967
31091
9864
31324
31129
10213
1126
13926
4296
7087
11076
12377
30608
2236
8753
10897
8229
11388
13490
30485
14029
23348
6849
3969
10745
30616
25109
26947
32181
2203
31908
23050
28227
24966
6247
8316
9731
4167
9309
25896
2711
1548
9938
18363
25923
11793
18657
19574
27290
26294
15160
15839
25943
4309
22555
22199
2185
10578
9900
18477
11507
8436
9065
28753
32178
26227
29174
21707
22560
22226
23581
13773
25337
2030
16915
19782
8380
8536
24572
3673
340
14176
3250
30989
14072
23666
21954
22086
21072
23718
7352
28660
27097
22418
6557
6538
20618
11363
26301
7346
8120
27692
31150
24126
6199
18045
11661
20322
7874
9272
17035
32545
22428
25760
30376
24582
9592
28851
7103
5652
3991
6330
20163
24831
21296
28702
13384
30365
9236
7037
24133
24983
24722
17661
16152
14436
15512
10976
19914
16504
10268
31833
16277
20920
29882
30878
31395
3634
32415
1087
9753
16907
23717
10422
31572
32696
23487
12863
15474
19569
18840
24554
29717
28899
21111
23022
25187
16934
30310
25152
15186
30446
22931
29540
6690
23813
29686
16772
20011
761
25652
20927
25816
10770
27076
7107
5364
5254
19024
27038
28452
1008
9822
27089
30645
31743
303
10150
3480
7531
32743
24004
17067
11566
9199
22273
2363
7152
1176
20855
23238
8643
19457
6106
15365
16912
31546
17673
16937
19409
14761
26082
32102
10753
13229
27995
27822
6225
19586
11982
24255
4125
10085
21141
25695
414
19448
30935
14310
11617
27111
32417
15870
12792
32716
6457
935
8687
26960
15279
23934
13826
6291
31412
3134
28556
32463
25263
2695
16195
26680
29710
26590
1059
20262
14810
21750
30376
27253
11919
17709
21568
31532
25386
18778
24320
7518
7299
1990
1430
8270
23261
30072
18303
10710
32700
13494
10618
10506
1527
15560
20028
23576
13
12031
1893
28019
20668
31990
29363
27696
20944
17432
30581
9136
23866
610
14403
5759
27745
2154
19693
8316
16829
19617
22705
1082
20641
981
20657
26535
22360
8954
1700
1003
24436
11817
19403
3219
6243
30953
16422
4591
16451
15278
8681
25272
3831
8863
12586
12534
22395
14748
31708
32289
21364
22912
9728
4743
19724
31395
538
1005
6908
4260
3554
3961
8938
21349
10045
19152
22006
6486
3435
28795
23440
9975
642
19343
24204
6040
8475
1677
12408
17251
14923
24967
14125
18077
20437
4996
22692
3625
32413
23334
22795
3406
28000
650
24344
186
5027
23152
4766
25286
27881
28828
2398
29947
27689
1404
30239
725
17279
1290
19969
16840
21538
1780
22542
29313
23190
6650
23314
10094
11043
24216
23980
21632
4741
13542
11430
3120
12005
444
7042
3520
21768
20249
13141
2243
21959
19398
17369
14815
14271
28214
2749
17618
14665
16049
25919
28595
11949
3250
16381
9082
4242
5005
14600
21955
20153
21076
10299
16335
15083
6908
459
1740
8240
7356
18206
14678
23106
28086
31201
17981
321
22489
17749
20617
32168
27910
20969
1211
6272
9841
30478
21334
23508
4939
16199
13470
22372
23198
29311
22944
7581
5240
6816
28274
3273
15947
13921
20924
14468
20116
3680
25975
1903
11195
24688
23797
22824
2618
21812
11298
18553
30210
29677
31753
24015
2842
2192
18586
17902
8586
12316
2986
24804
28791
32554
6459
15675
27791
30405
4350
21363
26024
15229
2326
5552
10147
17079
22047
10159
8855
27207
5231
21246
24108
11841
22171
2925
15428
28939
7485
6080
20193
2487
31733
12966
17731
3216
4014
14319
13392
499
10787
12793
15929
32609
22177
23403
23899
22225
7182
26918
22115
20555
8234
12409
5558
8626
4117
32148
31760
6370
29202
11840
24170
11259
17546
25805
15650
25595
3668
26443
30294
21907
17459
32509
30608
7219
10144
27658
12969
2920
714
16758
23015
2663
26076
15697
10089
19946
18814
28974
13253
25658
15006
20183
8175
18317
29552
27967
5725
27283
1459
6584
26472
29516
31287
2406
17654
6172
2460
16116
24918
21281
21084
30853
30059
24516
12300
14830
29197
13966
6110
18210
24748
31550
7787
8941
14134
4376
2735
26086
9019
18815
6741
415
4176
24774
23349
17438
28081
15684
15900
12177
30506
9382
18123
31293
1335
23433
32066
19128
10346
25417
1086
1112
5133
18963
30976
14315
7177
16706
80
3240
18950
28136
9410
13670
19924
10154
27192
17932
19721
6610
15016
32073
21996
31391
4127
22149
31122
19679
6
30743
20807
24512
2981
20920
29488
228
23013
32567
6702
5299
15962
17263
1284
2293
12672
12151
20669
21920
7749
18968
21064
32750
10440
19332
13158
21427
21089
16708
22214
18158
7905
11891
18285
15262
7963
31786
14172
5079
1187
20027
20845
19476
8917
4130
25215
4047
281
20024
7634
31823
25190
12074
180
1474
26117
8618
6494
12939
9624
4708
13593
8413
29786
15924
14757
2697
9128
29846
11738
15124
28865
24158
13712
11277
32714
7337
1213
15261
2069
21523
3549
12640
5538
30762
28567
1395
998
27427
26013
7631
5580
17868
16596
30165
20218
23490
10933
25641
29269
20452
14323
29380
18887
19719
3677
32069
6976
14060
8711
2440
28410
26479
19876
3706
2818
19456
18999
7468
18420
30551
18923
8230
8965
31588
14910
9469
12615
8069
29029
25640
22569
18172
19180
31503
28477
7072
30622
3173
12095
20690
1188
15032
4690
4787
24049
12614
2444
30101
20445
12051
11189
31151
19471
18488
16716
30484
30113
20862
20939
1510
14463
10795
5677
14022
28688
22556
29868
12176
24857
10772
27087
69
2782
21588
676
17481
5002
15212
19530
25551
21456
24912
23731
2449
17875
10414
22696
8388
23363
25215
6926
28491
32457
23005
24935
8235
17574
21012
8604
21055
3735
11003
27897
32557
9979
8069
1145
20120
5943
21139
580
10647
15706
7692
15478
8806
25853
22576
17698
1116
26478
809
11159
8221
5901
6883
25313
10257
31221
29982
29075
12565
6111
26562
20164
11120
24388
10610
4184
26632
26050
8291
20097
32214
1985
4975
24708
9111
11094
29029
22209
20932
10856
8868
21998
16581
10257
6376
14243
5986
21830
4451
5147
23930
26811
15632
6457
1783
19969
17220
21193
11009
20465
21126
18441
15218
16974
13216
4711
20618
28326
4854
20877
23781
18553
29719
8347
23977
11422
914
28851
23300
12257
15115
27835
19670
16625
2957
19038
14250
8570
546
11348
5611
31374
6817
31204
24917
4169
13512
20391
20649
22709
24458
28046
7589
31211
28330
17958
26419
29563
3721
4891
993
30478
19005
4860
22673
13386
14306
21565
1905
7158
16181
12674
2862
24159
11871
25371
4709
10490
4366
18890
12123
26442
32202
22221
12269
2820
19847
13592
12746
8050
29046
6115
18143
11285
23329
21092
15891
10894
10935
7390
25653
5055
6052
10970
20786
18477
18277
30388
5516
22440
1691
26202
23559
27695
6238
11601
21414
23566
4051
4089
30165
10057
26625
27665
31976
25661
19936
10877
7876
24453
20659
32327
24540
29467
27800
5349
4704
22719
9054
7098
21936
31645
6038
16095
10775
3370
24045
1314
27830
24911
30905
11599
20414
21961
12753
28847
8931
18640
18082
20175
13
25334
6783
18050
12368
14419
25401
8233
23838
1247
1008
11570
25019
2079
2600
8415
20722
17412
287
26185
775
8976
3935
6052
16364
18874
4751
31428
22967
5908
11662
9952
19284
6315
31939
14231
12151
30126
25774
12592
9173
5459
11971
31270
27796
1143
26745
3556
27648
24197
14494
19661
17023
15768
7917
3455
10951
30180
20962
21337
26190
8274
11981
20027
19970
14442
28710
1932
23355
20854
7712
24706
15598
9956
28032
17821
19747
3053
176
15221
31401
32372
16143
10422
31496
24881
13964
361
22711
8462
15219
14197
12687
18897
14982
5221
14720
19964
29008
24683
21891
1521
182
31397
25295
10842
3535
18080
32336
19912
25846
4891
24661
6554
21277
24077
8329
21025
10596
6633
30244
26114
7914
22560
18530
3291
1250
31975
9013
14633
234
24636
25654
24937
16793
35
13282
25725
24919
10294
7939
3410
27506
12892
25708
31168
14190
17625
19177
26801
3740
12679
4982
13190
20462
23138
23471
30390
1545
16202
1160
11704
9116
6405
28990
17956
23024
9604
12942
28181
15809
2407
29220
8657
11853
27331
12886
15532
12970
10530
13842
4393
16732
22219
9493
19555
9767
22340
16478
10411
31266
18198
15075
13171
25101
4304
2690
10859
1764
21326
17722
13289
31924
32059
24219
30350
2990
16853
22907
21543
3962
19184
16875
19409
24782
19518
874
18273
32062
23501
28504
22530
24918
13265
1965
9760
18662
16804
25066
6277
18845
9739
13904
30402
31705
2747
28496
2769
9662
28956
19780
1528
7302
24140
29276
11504
20503
2151
27355
3911
13531
26886
1411
19971
32716
22789
4173
13704
26830
6538
19806
11964
26434
28226
13367
19304
7384
11502
21292
29154
25252
26143
25879
27625
11381
2877
28493
23760
13922
13774
31697
25311
12453
29685
17352
26614
23981
15929
24109
25971
22126
31368
18118
8022
26876
12412
20823
6819
17752
21213
23829
21256
27785
16998
23645
29632
5615
28108
1190
6071
32469
13052
15029
21743
22597
26020
3856
5922
18208
7926
24244
3497
10862
15017
27658
12444
7154
9536
1048
8507
24321
24462
1012
27020
12693
23418
21119
24390
13214
5632
8783
11758
22680
4728
4077
19520
5986
6939
28737
24784
19534
27331
25418
23025
373
9202
32531
15574
4429
14614
9954
28663
22397
10763
25266
1206
25583
15074
19171
17475
25639
2017
23601
957
14036
6858
18403
922
23973
25953
5188
24136
16734
17704
8535
18964
31787
29805
26055
12876
7732
3206
30749
27552
8305
32092
14389
1998
31168
7718
11507
3199
2613
15223
27186
4459
20657
18043
4861
2500
7862
2429
19458
15570
15993
1453
12867
12763
16185
24097
10767
4933
23504
29721
6705
19710
12168
6279
26471
27164
11567
30415
17430
30145
3182
7371
10299
25410
8534
17426
1445
16776
21052
16506
3170
15798
8135
14299
4983
14603
29511
1814
31188
30219
10056
30806
4998
8409
32360
11926
30511
14056
31845
27236
16307
4562
21882
3044
5685
6536
26604
30231
6210
25004
29664
14173
28235
13883
1391
6969
9817
23407
17660
2389
9980
1252
8645
21958
20100
18425
2745
26256
4724
3449
10634
21101
13108
18043
21506
23754
22534
26758
10138
29459
10043
29945
841
3888
11943
4010
21402
9040
12370
26830
25857
29413
10096
32281
12399
31983
6548
30502
22052
23422
2080
8472
15045
15474
5632
19842
31406
22406
13720
6276
10121
1421
29434
23095
1055
23803
11869
18251
12911
30630
23243
1263
2045
17870
5401
13297
31853
4699
10012
14119
26192
7271
19226
14605
31294
27132
17279
13487
16421
14367
6865
1482
29408
11277
8166
17454
32268
10692
29269
28262
3607
29637
13098
10139
26265
30745
11742
3254
29416
28306
3462
25797
17639
11347
29258
12448
30238
20626
31513
24012
7952
11933
6043
8351
22728
6427
13927
14757
31926
29333
9079
10819
5817
10037
10968
7322
15741
29645
21414
686
17671
7706
18232
12488
32654
587
14488
30489
141
6589
24630
32415
5654
24329
24541
27981
27753
13120
8933
5478
4037
10357
3755
13354
16510
21884
5950
948
19792
5874
3163
9251
26611
24957
12956
8184
10223
2389
31980
4031
12210
8964
31294
8434
10208
24938
19327
1050
1258
5379
13768
1591
19170
12397
9433
22882
17294
30244
12739
20657
23227
13201
484
4955
5331
11587
4632
2844
21426
8316
16942
4571
23990
32239
13465
8843
23317
16840
22120
4431
15732
3309
9081
3809
17845
25475
31465
31540
7184
13493
6094
19288
11877
4016
553
1695
18640
10738
3094
7934
7295
6853
12102
10421
10432
28678
24239
13618
14942
43
8322
21811
29998
7557
1118
1580
7141
3777
18883
3816
2604
28853
19145
3954
5367
25946
32530
18486
17682
13332
11005
23652
8188
16186
3868
5013
29433
29394
11241
24241
21603
4252
28084
9232
20289
32083
21728
5855
27931
29487
28239
7622
4620
15790
12315
3271
24344
25236
3719
13930
3776
23600
23861
6167
32724
18658
20633
9667
25225
13274
13229
30927
15307
23330
9702
26156
13012
5855
30055
16324
23806
17876
26998
17685
31701
25383
4396
1823
24945
10600
27248
17281
28419
26319
29990
31455
25005
26309
1699
18054
24983
5286
29028
12627
1855
15302
21760
6097
19216
2226
10844
21409
4919
12216
24606
13855
21426
23721
7012
5698
29865
20445
28853
30148
29442
19576
10552
387
28464
15340
26659
28968
7755
10943
17527
2566
20838
655
10987
18757
1821
9555
7205
31039
15213
19939
6960
13866
27081
22971
24619
9720
30057
24571
9022
26491
27622
14771
5075
31949
22020
24414
20482
13551
2766
16300
28748
22704
14569
29573
31629
7888
6690
29514
22316
11110
1353
12638
1941
7807
21058
15845
21737
30216
17497
22475
10227
18158
28374
3848
13151
4483
18385
23587
15654
13604
23880
20725
7245
18201
24687
18096
16079
20668
31559
11552
19416
14557
9330
24368
13875
23654
25926
8367
21254
6715
17952
10580
18621
22116
21755
24832
27204
14446
31297
12612
21113
10510
4064
4131
21473
21256
28321
10265
4249
11087
26038
16732
20112
17518
20625
20577
23540
28966
16125
19874
6122
31321
25447
15007
29570
27687
15228
30754
32490
15958
9978
20936
22242
23543
24767
25277
1647
20038
3623
14279
12500
3795
22676
21126
6078
17631
17742
29178
20927
29193
16270
17477
17661
21034
2261
26034
14892
29309
898
20727
7097
17411
2980
9399
13640
11557
21005
25163
1889
24220
28072
2498
870
28558
5900
14118
17353
1273
16976
9473
5243
2133
2849
14368
24488
12661
10003
30871
21153
26543
21045
7174
20250
15932
27112
1306
31893
4065
10737
23638
3614
32207
16332
9747
4153
21961
10307
31173
21273
9092
2880
16001
17682
29011
2528
4284
20817
31748
13000
13654
5835
24068
4284
15831
2931
30154
1902
16888
24496
2931
29331
21093
13838
31146
15164
2241
820
24011
22372
22762
10774
4936
26565
1919
10347
32331
26609
27040
26466
27037
9373
20981
1168
31686
27712
20210
10029
1910
11741
7769
13697
15139
31260
31232
32409
29684
6816
8660
11326
14302
13205
18206
4392
6925
9096
15621
10094
5253
5500
4692
21313
1545
31034
30846
15834
31547
21992
7136
23729
25606
10973
20805
30960
20025
21172
15535
19239
25204
7327
21845
32577
10312
4094
27368
13495
21914
3633
4122
20227
11592
18090
3681
10840
12560
12614
18168
2192
10925
733
9512
19046
20546
20504
1477
18661
2044
21122
14331
25376
3827
994
31563
5156
1874
969
7888
9515
12728
31591
9671
20498
21982
29602
5454
26125
7801
20842
20332
20122
27746
27718
8018
29363
25844
29491
23264
26696
16309
5039
15723
29164
5945
5905
24510
9935
16708
27163
29022
22252
29231
17106
5907
32643
12173
22669
4771
25546
22030
25165
6113
7648
13987
20300
29414
15362
3810
28121
25503
15873
24749
29794
21128
1779
27918
8403
17078
5929
22118
25119
9499
8802
11719
16411
28934
22078
28574
30099
9705
25846
13205
28824
6751
10313
5047
11543
15469
28858
3797
7600
9992
21752
27177
5828
12504
5534
22074
28624
22588
26908
23295
20218
12430
17397
20295
21226
13480
28972
24409
3803
8871
3832
26327
3314
17647
17343
8680
19150
19567
16194
31125
25696
8230
23574
28532
24829
17893
30035
27780
22193
18519
17552
30553
22487
15936
23566
5497
24294
22274
4403
23557
11406
4197
27450
29596
19460
31127
27178
4988
12698
10098
14852
14314
10130
15870
9793
6101
32052
13111
24955
7606
11294
12048
30059
26554
26588
11447
28435
4899
19384
16667
6972
22251
6867
10924
26403
12715
18037
3681
14704
11964
11938
1536
22375
1692
20718
25498
10850
7827
22930
20052
31103
11158
19134
7278
27542
31851
11825
3709
25966
12046
1288
20475
6192
21844
27091
24834
21531
19662
6382
19797
29562
19952
21263
21664
29139
30322
19995
26625
866
21239
10302
8390
16581
11245
4410
5241
15097
6580
7679
10778
2949
9218
31357
21675
13557
28806
28086
22258
26506
17611
25623
29818
32304
24416
29704
13275
18352
27702
4290
5691
28711
6217
24416
26645
7863
2178
25145
3897
7036
14300
28270
31252
4546
199
8127
5170
17013
21962
16035
25601
15064
28011
19607
13784
25466
25939
10934
30775
31591
8366
3722
11601
21403
26065
14626
5575
24252
32543
9316
30903
26888
25389
6821
11509
3212
10276
27767
18328
13718
18023
14530
5049
19310
28278
31511
14199
20801
30227
21568
10814
4958
8355
16668
24650
13477
18134
13226
20326
12347
8586
16995
12538
9091
15341
25037
9540
29770
20706
23629
7142
10050
6055
31804
9633
31410
17332
7230
4960
6507
15334
4559
1656
31230
19676
9759
22062
15916
23202
4384
28282
9886
21900
10973
3082
28375
30309
18189
31114
9574
1481
28392
12835
21600
13008
27961
3393
3597
15597
24757
22426
12770
29973
18571
32108
32175
23075
16188
10757
16154
21627
22445
137
14668
21741
20603
20976
4842
23261
4494
29774
24647
9633
10225
8023
7640
5419
13280
29218
12008
32232
32035
1581
13452
29671
8603
13218
20698
20798
4635
27352
10838
31658
20857
18205
17325
11637
10724
16051
31654
17821
19575
5144
18773
25394
3855
27786
2194
20480
15450
12235
27305
32366
10801
5410
24403
7846
2600
418
2533
3830
10339
7086
5832
11126
3243
14269
1321
16620
12736
603
14577
9964
18161
2929
26872
17732
12267
5829
15733
2199
14031
21956
12986
2631
9351
28288
5150
28568
13145
29685
9018
17427
4028
13200
16216
21289
23403
31730
8488
17689
26297
16625
32437
788
5156
16607
11160
9886
6700
3855
2411
30775
5990
10134
23681
16699
11468
28751
22740
29959
4695
19234
31551
30045
22992
7557
750
30218
21475
28994
