7500
16110
8209
4078
2043
944
446
208
90
53
30
20
0
17
28
22
30
36
31
34
39
37
49
72
68
57
62
70
68
71
81
74
73
78
83
82
86
157
122
98
91
93
109
99
120
129
126
128
154
149
155
190
179
157
177
189
180
190
195
190
190
194
203
197
204
344
289
247
228
218
220
235
234
246
274
269
270
282
282
288
322
307
296
303
308
308
313
330
327
324
328
332
330
339
402
373
361
346
354
366
361
372
397
379
375
380
398
398
399
427
408
403
404
422
419
423
436
434
429
435
441
439
444
738
599
526
485
472
450
457
482
479
484
499
492
495
516
513
518
566
550
539
549
562
555
565
584
573
567
575
588
587
598
666
625
606
601
604
614
608
615
658
635
645
660
658
661
702
687
677
677
696
689
697
714
708
707
708
717
714
719
833
783
761
752
742
750
756
753
757
769
765
765
773
772
782
807
789
783
785
796
796
800
823
811
808
820
826
825
830
899
860
848
835
838
853
850
853
882
876
865
879
887
887
888
924
911
903
910
913
912
921
931
928
925
930
932
931
939
1479
1207
1067
1019
988
955
945
949
976
962
984
999
988
990
1016
1009
1017
1044
1033
1027
1029
1041
1037
1042
1062
1056
1052
1056
1063
1063
1066
1158
1121
1106
1072
1104
1107
1106
1117
1132
1125
1131
1146
1139
1150
1191
1163
1161
1161
1179
1174
1184
1198
1192
1191
1196
1202
1201
1203
1343
1280
1240
1215
1208
1209
1220
1216
1231
1245
1242
1244
1262
1248
1262
1312
1286
1282
1284
1300
1290
1303
1320
1315
1313
1320
1326
1322
1340
1415
1379
1350
1344
1345
1361
1357
1373
1392
1380
1380
1384
1395
1393
1401
1447
1420
1417
1417
1432
1426
1439
1454
1450
1448
1453
1460
1457
1468
1760
1626
1540
1521
1500
1487
1499
1506
1505
1516
1530
1526
1526
1535
1534
1536
1560
1546
1542
1543
1550
1547
1557
1576
1568
1562
1569
1622
1585
1623
1705
1687
1648
1641
1644
1676
1668
1676
1693
1687
1692
1702
1697
1704
1730
1714
1707
1708
1720
1715
1724
1737
1734
1733
1734
1752
1745
1759
1910
1829
1787
1770
1768
1769
1778
1774
1781
1797
1792
1795
1816
1803
1828
1887
1846
1840
1842
1861
1849
1886
1898
1891
1890
1892
1907
1907
1908
1978
1940
1923
1910
1921
1933
1931
1938
1963
1956
1950
1962
1968
1966
1974
2016
1989
1981
1981
2012
2008
2014
2024
2022
2017
2024
2027
2025
2031
3157
2572
2306
2180
2110
2078
2057
2046
2048
2070
2057
2076
2104
2086
2090
2106
2105
2109
2144
2141
2129
2131
2142
2141
2144
2166
2162
2148
2165
2178
2176
2178
2251
2220
2201
2189
2201
2209
2205
2214
2242
2227
2231
2243
2242
2248
2269
2252
2251
2251
2263
2255
2263
2291
2278
2272
2280
2301
2294
2302
2448
2395
2356
2328
2322
2325
2339
2328
2344
2387
2361
2364
2389
2388
2393
2416
2400
2398
2398
2407
2405
2413
2444
2438
2430
2442
2446
2444
2446
2503
2484
2467
2462
2464
2476
2471
2483
2496
2491
2485
2495
2500
2500
2502
2518
2507
2505
2507
2513
2509
2515
2526
2524
2523
2525
2550
2541
2556
2876
2740
2670
2626
2592
2576
2586
2612
2604
2614
2636
2628
2632
2650
2637
2666
2701
2688
2676
2685
2699
2698
2700
2730
2709
2704
2709
2737
2733
2739
2818
2780
2751
2746
2749
2760
2752
2776
2790
2787
2789
2798
2791
2810
2835
2828
2820
2824
2831
2830
2831
2854
2844
2838
2850
2855
2855
2874
3005
2951
2916
2881
2880
2881
2900
2884
2913
2938
2918
2929
2945
2938
2945
2982
2957
2952
2956
2961
2960
2969
2998
2994
2991
2997
3002
3001
3004
3067
3047
3018
3006
3015
3039
3032
3045
3056
3052
3048
3054
3059
3057
3059
3105
3081
3069
3073
3100
3095
3103
3133
3112
3106
3122
3151
3134
3153
3570
3371
3252
3198
3181
3168
3160
3163
3173
3171
3175
3190
3184
3185
3191
3191
3192
3235
3215
3205
3209
3221
3219
3233
3246
3240
3235
3242
3246
3246
3252
3296
3269
3260
3253
3255
3264
3260
3268
3271
3270
3270
3282
3277
3289
3330
3324
3309
3316
3327
3325
3330
3362
3348
3331
3361
3365
3363
3367
3472
3418
3398
3377
3373
3374
3387
3385
3387
3406
3399
3404
3407
3406
3413
3433
3425
3419
3422
3428
3426
3429
3446
3441
3436
3445
3455
3452
3466
3519
3504
3489
3478
3489
3492
3491
3496
3512
3506
3504
3506
3516
3514
3517
3538
3526
3521
3526
3531
3528
3533
3562
3557
3540
3558
3565
3562
3569
3827
3699
3608
3588
3573
3572
3573
3582
3577
3584
3595
3588
3593
3600
3596
3602
3650
3610
3608
3610
3619
3611
3620
3673
3656
3654
3660
3690
3679
3698
3758
3727
3717
3701
3701
3724
3721
3727
3741
3731
3728
3733
3749
3742
3758
3779
3772
3768
3770
3776
3773
3778
3789
3785
3779
3789
3820
3811
3823
3942
3867
3858
3837
3830
3831
3842
3840
3843
3861
3859
3860
3867
3865
3867
3885
3876
3870
3873
3882
3879
3882
3898
3894
3892
3897
3931
3914
3941
3995
3975
3955
3945
3952
3965
3956
3966
3990
3979
3977
3989
3992
3991
3994
4042
4035
4007
4034
4040
4038
4041
4056
4051
4049
4053
4061
4057
4076
6271
5106
4583
4297
4205
4129
4104
4087
4080
4083
4099
4095
4103
4112
4105
4109
4116
4112
4127
4185
4165
4149
4155
4178
4177
4182
4195
4189
4187
4190
4198
4197
4200
4237
4215
4209
4206
4207
4214
4212
4215
4224
4222
4223
4232
4227
4234
4260
4251
4239
4246
4254
4254
4258
4273
4266
4262
4267
4289
4276
4297
4447
4379
4337
4307
4300
4305
4320
4314
4327
4355
4341
4354
4364
4358
4376
4394
4385
4381
4383
4387
4385
4389
4417
4408
4400
4416
4431
4417
4435
4510
4477
4458
4449
4454
4470
4468
4472
4497
4486
4483
4488
4498
4497
4505
4536
4517
4510
4515
4527
4522
4532
4552
4540
4538
4547
4575
4569
4576
4870
4731
4651
4595
4588
4584
4586
4593
4589
4594
4602
4596
4600
4641
4619
4650
4709
4696
4655
4694
4698
4698
4707
4722
4715
4710
4717
4726
4723
4728
4801
4761
4742
4733
4738
4749
4747
4755
4768
4766
4766
4785
4779
4792
4820
4808
4803
4807
4810
4809
4814
4835
4828
4822
4829
4842
4839
4850
4956
4920
4899
4878
4872
4876
4888
4884
4890
4905
4902
4905
4916
4906
4920
4942
4925
4921
4922
4936
4930
4938
4949
4946
4945
4947
4953
4952
4956
5054
5007
4961
4957
4958
4979
4971
5005
5023
5020
5011
5020
5027
5025
5046
5086
5068
5056
5061
5077
5075
5077
5097
5094
5093
5095
5097
5097
5098
5696
5404
5265
5198
5134
5114
5108
5111
5121
5114
5134
5150
5140
5148
5184
5182
5188
5218
5208
5199
5208
5215
5214
5218
5224
5223
5222
5223
5263
5258
5263
5307
5278
5270
5266
5270
5272
5270
5273
5300
5281
5299
5304
5302
5306
5367
5315
5310
5311
5361
5319
5362
5391
5380
5374
5386
5398
5396
5401
5557
5471
5433
5415
5406
5415
5425
5416
5433
5466
5436
5442
5468
5467
5470
5531
5490
5477
5479
5509
5493
5523
5544
5538
5538
5540
5549
5546
5549
5612
5584
5568
5559
5565
5573
5573
5582
5599
5595
5589
5596
5607
5607
5610
5637
5620
5614
5619
5629
5623
5630
5675
5649
5641
5657
5688
5687
5689
5984
5825
5755
5718
5704
5698
5701
5716
5713
5717
5737
5723
5735
5749
5748
5752
5794
5762
5758
5759
5765
5762
5777
5812
5805
5794
5806
5818
5812
5819
5894
5860
5834
5828
5831
5852
5848
5859
5875
5872
5872
5874
5890
5885
5893
5941
5916
5896
5914
5935
5917
5939
5959
5953
5952
5956
5977
5972
5979
6122
6052
6001
5990
5988
5989
5997
5997
5997
6023
6001
6015
6035
6034
6036
6091
6075
6056
6072
6080
6077
6082
6105
6101
6093
6101
6112
6107
6113
6178
6133
6125
6122
6123
6126
6125
6128
6149
6137
6136
6145
6161
6150
6174
6223
6187
6186
6187
6208
6194
6209
6246
6238
6225
6242
6258
6255
6265
7256
6783
6510
6379
6331
6291
6278
6272
6277
6290
6280
6291
6314
6307
6313
6327
6324
6330
6351
6345
6334
6341
6348
6346
6349
6365
6358
6354
6364
6376
6375
6378
6438
6409
6400
6384
6387
6406
6400
6406
6426
6411
6423
6433
6432
6434
6463
6448
6444
6446
6460
6450
6463
6481
6470
6466
6478
6488
6481
6505
6668
6590
6574
6553
6529
6551
6564
6557
6566
6579
6574
6575
6583
6580
6587
6616
6603
6592
6596
6607
6604
6614
6649
6633
6629
6638
6666
6655
6666
6751
6719
6693
6672
6677
6698
6694
6709
6735
6731
6726
6731
6745
6735
6747
6767
6754
6751
6753
6760
6756
6767
6772
6770
6767
6772
6777
6774
6782
6996
6894
6846
6816
6787
6784
6785
6803
6791
6806
6823
6822
6822
6833
6827
6839
6870
6858
6850
6853
6866
6861
6867
6878
6874
6872
6875
6880
6879
6890
6954
6921
6904
6898
6901
6913
6908
6914
6937
6928
6935
6952
6940
6953
6966
6959
6957
6959
6960
6959
6965
6979
6970
6968
6972
6990
6983
6995
7127
7056
7022
7001
6998
6999
7010
7005
7019
7039
7032
7037
7046
7041
7050
7097
7079
7058
7073
7093
7086
7094
7109
7098
7097
7102
7117
7111
7121
7179
7147
7130
7128
7130
7136
7134
7142
7155
7151
7151
7151
7165
7164
7175
7210
7194
7189
7190
7208
7202
7209
7245
7217
7216
7241
7248
7246
7250
7771
7505
7375
7310
7272
7267
7260
7263
7268
7267
7272
7296
7280
7287
7302
7296
7304
7341
7323
7311
7317
7327
7324
7341
7358
7344
7341
7353
7361
7360
7369
7430
7411
7398
7379
7381
7408
7407
7409
7418
7413
7417
7422
7422
7425
7449
7441
7434
7437
7443
7441
7445
7475
7469
7462
7471
7498
7486
7500
7660
7588
7546
7518
7506
7510
7525
7519
7538
7559
7546
7556
7585
7579
7585
7626
7594
7593
7594
7616
7599
7625
7633
7630
7629
7631
7647
7646
7659
7701
7680
7662
7660
7661
7669
7666
7671
7694
7682
7682
7688
7701
7697
7701
7733
7722
7703
7717
7728
7724
7730
7756
7740
7733
7744
7768
7759
7769
7997
7879
7820
7793
7777
7773
7776
7784
7780
7791
7806
7805
7806
7810
7809
7811
7853
7824
7821
7824
7829
7827
7840
7857
7855
7855
7856
7871
7862
7873
7925
7905
7883
7879
7881
7892
7886
7893
7917
7916
7916
7916
7921
7920
7924
7956
7937
7927
7929
7955
7947
7956
7984
7965
7962
7973
7992
7992
7992
8106
8045
8026
8012
8004
8007
8022
8012
8022
8040
8029
8031
8044
8043
8044
8075
8055
8050
8053
8068
8061
8071
8084
8081
8076
8083
8091
8091
8098
8164
8141
8124
8116
8117
8130
8130
8140
8151
8147
8145
8148
8153
8152
8157
8196
8186
8179
8183
8190
8188
8193
8204
8200
8198
8202
8207
8207
8208
12249
10140
9242
8752
8468
8337
8259
8234
8221
8213
8220
8233
8225
8233
8243
8235
8243
8249
8247
8254
8282
8265
8262
8265
8271
8269
8277
8310
8302
8283
8307
8317
8313
8334
8389
8381
8356
8351
8353
8360
8359
8371
8383
8381
8382
8385
8384
8387
8427
8414
8410
8414
8418
8416
8421
8441
8432
8427
8436
8463
8454
8465
8620
8551
8511
8483
8478
8481
8507
8497
8510
8523
8514
8518
8529
8527
8546
8581
8558
8553
8553
8564
8561
8569
8595
8594
8581
8594
8617
8611
8617
8687
8645
8630
8623
8623
8638
8636
8640
8658
8654
8653
8656
8675
8664
8683
8705
8693
8690
8692
8699
8698
8700
8728
8721
8721
8725
8742
8735
8744
8982
8868
8798
8774
8760
8753
8754
8763
8762
8767
8786
8777
8779
8788
8786
8796
8846
8819
8800
8804
8831
8825
8837
8858
8857
8850
8857
8861
8859
8864
8929
8895
8885
8877
8879
8890
8885
8893
8910
8896
8900
8923
8920
8927
8950
8941
8931
8934
8947
8947
8949
8966
8955
8950
8958
8969
8966
8979
9100
9048
9009
8992
8982
8989
9000
8993
9003
9024
9013
9013
9025
9025
9046
9068
9051
9048
9048
9056
9053
9064
9086
9084
9081
9085
9095
9088
9095
9172
9129
9108
9104
9107
9124
9124
9125
9164
9139
9133
9145
9165
9165
9165
9209
9190
9187
9188
9205
9196
9206
9225
9223
9215
9225
9229
9228
9234
9680
9453
9347
9279
9259
9247
9243
9245
9257
9256
9257
9266
9265
9265
9271
9270
9276
9315
9302
9285
9295
9308
9308
9309
9339
9326
9316
9339
9345
9342
9347
9392
9362
9360
9351
9360
9361
9360
9362
9373
9364
9364
9384
9376
9384
9417
9406
9396
9404
9412
9411
9412
9444
9431
9426
9439
9450
9449
9451
9602
9526
9481
9459
9453
9457
9471
9460
9472
9496
9485
9486
9503
9500
9517
9576
9544
9538
9540
9555
9547
9567
9593
9583
9582
9590
9597
9594
9601
9644
9625
9610
9604
9604
9621
9612
9623
9637
9633
9625
9636
9639
9638
9640
9654
9649
9648
9649
9651
9650
9651
9662
9655
9654
9659
9668
9666
9677
9896
9783
9735
9713
9686
9684
9685
9701
9692
9708
9723
9715
9718
9729
9729
9732
9763
9744
9741
9743
9757
9749
9760
9770
9765
9763
9769
9773
9771
9777
9838
9813
9798
9786
9791
9805
9798
9812
9820
9817
9818
9828
9825
9833
9867
9854
9839
9845
9863
9858
9865
9888
9880
9879
9887
9891
9890
9892
10032
9939
9925
9911
9899
9907
9921
9915
9921
9929
9925
9927
9933
9929
9938
9993
9967
9948
9965
9982
9982
9989
10020
10001
9997
10003
10026
10025
10030
10072
10043
10034
10033
10033
10037
10034
10042
10055
10043
10043
10053
10066
10065
10070
10108
10091
10075
10089
10101
10100
10103
10121
10113
10110
10113
10127
10124
10128
11177
10697
10400
10300
10218
10172
10152
10140
10147
10156
10156
10158
10186
10181
10181
10202
10200
10205
10275
10248
10228
10243
10260
10260
10262
10287
10286
10275
10287
10297
10292
10298
10347
10330
10309
10300
10301
10328
10314
10329
10334
10332
10333
10336
10335
10341
10381
10364
10350
10356
10375
10370
10380
10388
10387
10385
10387
10396
10391
10399
10502
10454
10438
10431
10422
10426
10431
10431
10436
10445
10440
10445
10447
10445
10447
10466
10461
10458
10460
10465
10462
10466
10483
10469
10466
10480
10498
10489
10498
10593
10538
10507
10506
10506
10512
10508
10529
10566
10553
10551
10556
10575
10574
10589
10649
10613
10595
10599
10642
10628
10648
10669
10658
10651
10665
10684
10677
10686
10966
10844
10766
10737
10711
10700
10710
10727
10721
10735
10746
10741
10741
10756
10748
10765
10809
10782
10770
10779
10789
10786
10804
10831
10813
10811
10819
10834
10832
10839
10898
10869
10862
10862
10862
10868
10864
10869
10873
10870
10872
10889
10879
10890
10931
10900
10898
10898
10920
10911
10930
10955
10935
10931
10952
10962
10962
10964
11076
10996
10983
10975
10970
10972
10980
10979
10981
10993
10983
10983
10996
10994
10996
11030
11003
10997
11002
11012
11009
11029
11052
11033
11031
11052
11073
11058
11076
11134
11099
11088
11077
11077
11092
11089
11095
11114
11103
11103
11114
11121
11116
11128
11150
11141
11135
11137
11147
11146
11147
11171
11151
11150
11152
11175
11172
11175
11781
11467
11324
11222
11207
11193
11185
11187
11203
11198
11206
11213
11208
11209
11216
11213
11217
11259
11237
11225
11236
11255
11251
11257
11291
11270
11264
11282
11303
11291
11312
11399
11371
11343
11339
11340
11350
11345
11357
11380
11376
11379
11386
11385
11394
11451
11422
11403
11418
11443
11430
11446
11460
11459
11453
11459
11465
11462
11466
11628
11563
11516
11498
11473
11495
11507
11504
11512
11548
11534
11535
11559
11551
11559
11580
11568
11563
11566
11572
11569
11576
11616
11596
11589
11608
11623
11622
11624
11723
11676
11640
11635
11636
11645
11645
11668
11707
11697
11689
11699
11712
11710
11713
11750
11735
11726
11731
11748
11735
11750
11770
11768
11758
11769
11773
11771
11774
12066
11903
11861
11826
11819
11804
11807
11825
11823
11825
11840
11832
11837
11849
11847
11858
11880
11873
11861
11863
11880
11879
11880
11890
11886
11882
11889
11892
11891
11899
11984
11946
11927
11905
11905
11933
11931
11934
11975
11959
11957
11963
11982
11975
11983
12029
12010
11985
11994
12019
12013
12024
12046
12033
12029
12040
12056
12054
12057
12155
12099
12080
12077
12069
12071
12080
12078
12080
12092
12088
12089
12095
12094
12096
12136
12125
12113
12113
12132
12131
12135
12140
12136
12136
12138
12152
12152
12155
12205
12178
12170
12160
12166
12175
12172
12177
12190
12182
12178
12190
12198
12191
12200
12223
12210
12206
12209
12212
12211
12220
12235
12232
12226
12233
12237
12236
12243
14179
13258
12787
12536
12414
12346
12304
12280
12258
12263
12289
12288
12291
12325
12316
12323
12337
12331
12340
12392
12376
12364
12367
12384
12377
12387
12399
12396
12393
12397
12411
12405
12413
12472
12429
12419
12415
12418
12425
12422
12426
12443
12430
12432
12463
12445
12464
12510
12494
12474
12486
12504
12503
12505
12530
12522
12521
12527
12534
12532
12534
12640
12594
12564
12555
12542
12550
12558
12556
12560
12588
12566
12568
12588
12588
12594
12626
12603
12599
12599
12614
12611
12617
12630
12629
12628
12630
12631
12631
12634
12723
12674
12654
12640
12644
12657
12657
12662
12706
12695
12677
12701
12713
12712
12717
12750
12736
12732
12736
12744
12737
12746
12765
12755
12751
12763
12774
12773
12778
12994
12868
12814
12800
12794
12787
12791
12794
12794
12795
12806
12801
12802
12809
12807
12814
12843
12827
12822
12827
12839
12835
12839
12855
12851
12847
12854
12862
12856
12862
12940
12914
12885
12871
12878
12897
12897
12902
12930
12916
12919
12937
12933
12940
12962
12953
12947
12951
12956
12955
12961
12973
12967
12965
12969
12982
12978
12985
13110
13041
13007
13000
12997
12997
13006
13005
13007
13023
13019
13022
13026
13026
13037
13094
13079
13057
13063
13087
13084
13092
13099
13097
13096
13099
13102
13100
13108
13185
13141
13123
13113
13114
13134
13129
13135
13160
13147
13144
13147
13166
13161
13179
13228
13206
13195
13196
13212
13209
13215
13244
13230
13229
13234
13252
13252
13254
13686
13461
13384
13306
13276
13265
13258
13263
13272
13266
13273
13281
13277
13279
13299
13288
13300
13343
13314
13306
13313
13320
13316
13338
13355
13353
13349
13354
13363
13363
13379
13406
13397
13391
13386
13390
13391
13391
13394
13401
13399
13399
13404
13404
13405
13427
13415
13413
13414
13423
13416
13426
13456
13440
13430
13451
13458
13458
13459
13540
13496
13483
13466
13465
13465
13478
13467
13482
13484
13484
13484
13492
13488
13493
13517
13502
13498
13500
13513
13506
13516
13520
13518
13517
13519
13525
13522
13536
13605
13556
13548
13542
13544
13555
13552
13556
13581
13565
13563
13569
13593
13590
13597
13640
13630
13616
13624
13633
13630
13640
13661
13654
13643
13655
13676
13665
13682
13921
13798
13752
13717
13693
13692
13693
13711
13705
13714
13742
13722
13722
13746
13743
13750
13769
13757
13754
13756
13764
13762
13766
13789
13777
13770
13784
13791
13791
13792
13855
13823
13811
13802
13804
13821
13813
13823
13844
13828
13825
13840
13849
13847
13853
13890
13875
13863
13871
13881
13879
13882
13899
13892
13890
13898
13916
13900
13917
14038
13963
13935
13928
13921
13923
13933
13928
13934
13953
13945
13953
13957
13955
13960
13994
13979
13972
13975
13986
13982
13992
14017
14009
13995
14014
14025
14020
14032
14102
14061
14055
14041
14043
14058
14056
14060
14074
14066
14064
14068
14084
14079
14084
14162
14123
14106
14107
14150
14130
14160
14178
14173
14168
14175
14178
14178
14178
15170
14663
14454
14305
14226
14207
14199
14182
14198
14203
14202
14207
14211
14207
14210
14215
14213
14221
14263
14250
14240
14243
14260
14253
14262
14293
14282
14281
14284
14300
14297
14305
14392
14353
14325
14306
14307
14336
14329
14341
14363
14357
14359
14378
14369
14379
14409
14400
14394
14396
14405
14401
14408
14422
14414
14414
14419
14437
14435
14444
14564
14497
14472
14458
14457
14457
14461
14460
14467
14490
14473
14490
14492
14492
14494
14522
14505
14501
14504
14515
14512
14518
14534
14531
14522
14531
14547
14538
14559
14608
14582
14571
14566
14568
14576
14573
14581
14598
14588
14582
14588
14601
14599
14602
14625
14620
14611
14615
14625
14621
14625
14640
14633
14633
14636
14643
14642
14651
14900
14768
14702
14681
14672
14663
14664
14675
14673
14679
14688
14685
14685
14693
14693
14694
14729
14713
14705
14709
14723
14714
14728
14746
14738
14735
14740
14760
14751
14765
14825
14790
14783
14772
14782
14786
14785
14790
14805
14793
14797
14811
14806
14817
14846
14834
14830
14832
14843
14838
14846
14877
14861
14857
14877
14893
14883
14896
15041
14968
14936
14905
14901
14903
14907
14906
14912
14954
14944
14951
14963
14962
14963
14995
14975
14970
14973
14990
14985
14994
15028
15003
14998
15010
15034
15032
15040
15122
15067
15056
15052
15053
15062
15060
15066
15093
15074
15071
15083
15115
15101
15119
15147
15126
15123
15124
15134
15127
15140
15161
15148
15148
15149
15169
15164
15170
15623
15415
15287
15231
15193
15175
15170
15173
15192
15186
15192
15204
15198
15202
15208
15204
15227
15263
15239
15237
15238
15256
15253
15261
15270
15268
15268
15269
15276
15273
15280
15358
15318
15310
15304
15310
15314
15314
15314
15336
15321
15329
15347
15345
15352
15403
15379
15365
15368
15387
15382
15390
15412
15408
15405
15411
15413
15413
15414
15514
15466
15448
15435
15421
15427
15447
15445
15448
15456
15448
15452
15462
15461
15466
15490
15472
15468
15471
15485
15473
15489
15507
15501
15498
15505
15512
15509
15514
15570
15540
15523
15516
15518
15529
15526
15531
15551
15543
15542
15544
15564
15555
15566
15589
15581
15571
15574
15589
15585
15589
15611
15597
15597
15597
15619
15612
15622
15882
15762
15683
15658
15641
15624
15632
15656
15653
15657
15673
15667
15673
15680
15676
15681
15733
15697
15689
15690
15714
15706
15729
15754
15737
15737
15749
15755
15754
15760
15828
15790
15769
15766
15769
15775
15769
15784
15803
15792
15791
15798
15813
15807
15819
15856
15837
15830
15832
15848
15844
15855
15864
15859
15857
15860
15870
15870
15872
16012
15943
15901
15894
15885
15891
15897
15896
15900
15929
15912
15915
15931
15930
15941
15976
15954
15947
15948
15960
15955
15968
15989
15978
15977
15981
16004
15996
16011
16064
16035
16024
16018
16020
16034
16030
16034
16046
16041
16040
16042
16050
16050
16063
16075
16070
16068
16069
16073
16072
16074
16101
16085
16078
16099
16103
16101
16106
24495
20319
18212
17083
16576
16337
16222
16178
16158
16131
16117
16121
16153
16147
16153
16162
16158
16159
16169
16166
16171
16204
16195
16183
16184
16203
16199
16204
16216
16209
16206
16210
16218
16217
16221
16275
16250
16233
16223
16233
16243
16237
16248
16259
16252
16259
16264
16261
16265
16300
16279
16275
16277
16285
16284
16296
16312
16305
16304
16309
16327
16318
16330
16455
16407
16373
16345
16339
16342
16350
16348
16352
16387
16378
16384
16397
16395
16397
16435
16421
16412
16419
16430
16425
16431
16442
16438
16435
16441
16453
16442
16454
16525
16491
16482
16467
16479
16486
16485
16486
16507
16502
16494
16502
16513
16513
16514
16541
16531
16527
16527
16537
16534
16538
16570
16543
16542
16552
16573
16570
16575
16812
16675
16631
16607
16579
16577
16579
16588
16584
16592
16612
16610
16611
16620
16616
16625
16646
16634
16634
16634
16642
16640
16642
16653
16652
16648
16652
16660
16655
16673
16763
16726
16709
16694
16703
16717
16714
16718
16744
16734
16741
16755
16755
16758
16788
16769
16763
16764
16778
16772
16780
16803
16790
16788
16798
16809
16808
16810
16958
16891
16861
16843
16819
16828
16848
16844
16857
16876
16872
16874
16884
16884
16889
16924
16901
16897
16899
16908
16906
16917
16942
16929
16928
16937
16951
16950
16956
17009
16992
16981
16977
16980
16989
16985
16989
17005
17000
16993
17004
17005
17005
17009
17059
17035
17019
17024
17049
17035
17051
17071
17066
17061
17069
17080
17079
17082
17668
17400
17253
17168
17129
17104
17092
17104
17126
17118
17128
17142
17139
17140
17156
17143
17157
17208
17175
17170
17171
17184
17178
17192
17235
17224
17218
17230
17240
17236
17241
17323
17296
17273
17267
17271
17288
17286
17290
17300
17296
17297
17305
17301
17317
17357
17329
17325
17327
17341
17330
17344
17363
17361
17358
17363
17392
17389
17398
17551
17486
17443
17417
17414
17415
17435
17417
17436
17459
17455
17459
17478
17475
17484
17506
17497
17487
17491
17501
17501
17504
17540
17520
17520
17526
17547
17547
17551
17593
17564
17554
17554
17554
17556
17555
17562
17574
17567
17565
17573
17581
17581
17591
17629
17619
17600
17613
17628
17624
17629
17644
17636
17634
17640
17647
17645
17647
17934
17770
17721
17693
17680
17669
17677
17687
17683
17692
17713
17705
17711
17718
17714
17718
17749
17726
17723
17723
17744
17742
17745
17756
17749
17749
17754
17763
17762
17770
17828
17796
17790
17781
17787
17793
17791
17795
17801
17797
17797
17808
17808
17820
17868
17851
17832
17851
17856
17853
17858
17910
17880
17873
17894
17930
17917
17933
18024
17977
17962
17950
17935
17943
17961
17950
17962
17970
17969
17970
17971
17970
17976
18000
17991
17984
17985
18000
17995
18000
18016
18003
18000
18011
18022
18020
18023
18136
18046
18036
18026
18032
18042
18037
18046
18102
18077
18050
18085
18129
18127
18134
18168
18144
18139
18143
18157
18153
18162
18191
18182
18172
18184
18204
18197
18210
19247
18758
18511
18369
18292
18272
18236
18214
18219
18244
18238
18268
18285
18280
18285
18290
18289
18292
18312
18300
18295
18299
18302
18302
18309
18327
18322
18320
18326
18364
18352
18369
18426
18385
18376
18371
18372
18378
18378
18383
18422
18403
18416
18425
18425
18426
18452
18444
18430
18442
18446
18445
18451
18476
18464
18463
18470
18493
18490
18508
18643
18591
18567
18543
18512
18521
18557
18546
18557
18573
18570
18572
18576
18574
18590
18614
18607
18594
18595
18610
18609
18613
18629
18627
18622
18628
18639
18633
18641
18715
18667
18649
18643
18643
18662
18660
18664
18673
18672
18668
18672
18682
18674
18698
18736
18719
18716
18718
18722
18720
18727
18749
18740
18739
18745
18754
18750
18757
19005
18863
18806
18778
18769
18760
18769
18773
18769
18773
18797
18781
18789
18804
18803
18806
18835
18821
18812
18815
18829
18827
18833
18849
18839
18837
18847
18863
18849
18863
18935
18908
18880
18865
18876
18888
18880
18904
18925
18913
18921
18927
18926
18928
18966
18952
18944
18950
18962
18953
18963
18986
18973
18972
18983
18989
18987
18996
19169
19054
19020
19012
19010
19010
19016
19013
19017
19027
19022
19024
19031
19029
19050
19099
19076
19070
19075
19081
19080
19084
19120
19108
19103
19119
19153
19143
19160
19205
19183
19175
19171
19174
19178
19175
19180
19192
19191
19190
19191
19197
19195
19200
19220
19214
19207
19212
19219
19217
19220
19228
19225
19222
19226
19236
19232
19245
19808
19527
19389
19316
19268
19252
19250
19250
19266
19260
19267
19289
19273
19274
19303
19291
19311
19340
19318
19317
19317
19321
19321
19328
19352
19349
19345
19349
19380
19369
19381
19467
19431
19395
19392
19394
19424
19422
19427
19442
19437
19438
19454
19446
19458
19494
19484
19473
19479
19486
19484
19491
19518
19503
19497
19507
19523
19519
19526
19679
19595
19558
19543
19529
19538
19546
19545
19549
19575
19572
19574
19585
19579
19588
19635
19611
19599
19608
19619
19615
19627
19658
19649
19646
19651
19666
19663
19678
19748
19707
19685
19680
19683
19694
19690
19696
19726
19712
19711
19723
19741
19735
19742
19788
19774
19761
19766
19776
19775
19785
19796
19793
19792
19794
19800
19797
19806
20026
19903
19852
19827
19814
19811
19814
19824
19817
19825
19842
19835
19835
19849
19847
19851
19871
19858
19853
19854
19869
19866
19870
19884
19875
19872
19878
19898
19892
19902
19964
19942
19915
19912
19915
19930
19916
19941
19960
19949
19944
19959
19964
19962
19964
19985
19977
19966
19972
19982
19979
19983
20014
20002
19987
20003
20023
20014
20024
20189
20123
20078
20054
20038
20054
20058
20057
20068
20096
20091
20093
20104
20103
20112
20139
20135
20126
20127
20137
20135
20139
20157
20140
20140
20144
20175
20162
20178
20273
20234
20210
20196
20209
20229
20217
20233
20259
20251
20235
20257
20271
20266
20272
20301
20293
20278
20289
20294
20293
20300
20315
20306
20305
20307
20318
20316
20318
22428
21373
20854
20522
20420
20354
20327
20322
20320
20321
20324
20323
20325
20346
20335
20345
20349
20346
20354
20385
20363
20355
20358
20374
20365
20378
20412
20402
20395
20412
20415
20413
20419
20474
20450
20435
20431
20433
20444
20442
20446
20459
20456
20458
20461
20460
20468
20487
20484
20474
20478
20486
20485
20486
20507
20501
20493
20503
20520
20509
20522
20659
20578
20557
20532
20523
20524
20548
20536
20550
20572
20567
20568
20575
20573
20575
20597
20580
20578
20579
20592
20590
20592
20634
20609
20609
20633
20654
20640
20654
20778
20740
20697
20681
20693
20713
20702
20737
20756
20753
20747
20754
20767
20759
20772
20801
20785
20781
20781
20788
20785
20790
20822
20811
20807
20817
20829
20825
20832
21127
20984
20902
20890
20882
20869
20874
20884
20884
20885
20891
20890
20891
20894
20893
20899
20929
20919
20906
20918
20926
20923
20927
20959
20935
20929
20950
20980
20980
20983
21042
21012
21000
20995
21000
21003
21003
21010
21019
21013
21016
21021
21021
21033
21053
21047
21042
21044
21051
21048
21053
21077
21076
21064
21076
21092
21091
21100
21286
21226
21188
21144
21138
21140
21180
21179
21180
21208
21198
21199
21218
21216
21222
21256
21238
21236
21236
21249
21241
21252
21262
21258
21258
21261
21270
21269
21283
21318
21296
21290
21289
21290
21294
21293
21295
21307
21302
21301
21303
21312
21310
21314
21341
21331
21320
21327
21337
21335
21338
21365
21356
21344
21358
21366
21365
21370
21903
21652
21502
21423
21395
21376
21374
21375
21393
21383
21394
21401
21396
21400
21412
21407
21422
21455
21442
21423
21441
21446
21445
21448
21462
21462
21456
21462
21481
21465
21493
21563
21533
21511
21502
21511
21519
21514
21526
21552
21539
21550
21559
21556
21562
21597
21565
21564
21565
21584
21567
21591
21623
21618
21617
21619
21647
21645
21648
21759
21708
21664
21656
21653
21654
21663
21660
21663
21682
21665
21679
21695
21687
21702
21735
21723
21717
21721
21728
21723
21734
21747
21743
21743
21745
21749
21747
21752
21847
21808
21790
21771
21786
21797
21791
21798
21827
21818
21818
21819
21831
21827
21844
21870
21852
21848
21850
21859
21858
21865
21890
21887
21876
21888
21893
21892
21899
22129
22000
21943
21915
21908
21904
21907
21910
21910
21915
21928
21919
21921
21939
21937
21942
21967
21951
21950
21950
21964
21964
21967
21977
21972
21971
21976
21983
21981
21992
22087
22051
22039
22027
22037
22046
22041
22046
22060
22056
22053
22060
22084
22081
22085
22109
22091
22087
22087
22094
22092
22097
22117
22117
22113
22117
22118
22117
22121
22271
22212
22170
22152
22135
22144
22165
22162
22170
22182
22174
22178
22196
22193
22209
22226
22216
22214
22216
22221
22220
22226
22258
22230
22227
22248
22268
22266
22268
22338
22310
22287
22273
22282
22290
22290
22299
22319
22312
22310
22318
22325
22325
22331
22384
22351
22344
22350
22359
22354
22359
22409
22393
22387
22404
22420
22416
22428
23493
22983
22728
22572
22490
22468
22447
22436
22440
22465
22458
22467
22477
22475
22477
22486
22482
22489
22525
22506
22490
22494
22516
22512
22520
22553
22535
22530
22550
22566
22557
22571
22642
22614
22592
22572
22583
22605
22597
22605
22627
22621
22624
22637
22633
22640
22678
22652
22650
22651
22660
22657
22669
22701
22693
22687
22701
22719
22710
22721
22864
22783
22755
22734
22732
22732
22749
22743
22755
22766
22760
22761
22768
22767
22778
22814
22793
22783
22786
22800
22793
22804
22846
22836
22819
22843
22860
22846
22863
22937
22903
22878
22875
22876
22890
22889
22891
22918
22910
22904
22918
22923
22921
22936
22953
22945
22942
22943
22949
22948
22951
22977
22972
22959
22973
22982
22978
22982
23279
23138
23061
23026
22997
22983
22990
23005
23001
23021
23038
23031
23036
23057
23044
23060
23095
23069
23062
23066
23077
23074
23085
23104
23101
23096
23103
23117
23109
23119
23201
23173
23149
23139
23146
23168
23156
23171
23182
23173
23181
23188
23183
23201
23244
23222
23215
23218
23232
23225
23238
23259
23254
23251
23259
23271
23267
23274
23383
23327
23311
23298
23285
23286
23300
23300
23310
23315
23311
23315
23317
23316
23322
23355
23341
23328
23336
23347
23346
23352
23376
23360
23359
23373
23381
23376
23381
23423
23409
23401
23385
23387
23403
23402
23406
23413
23409
23409
23410
23414
23414
23421
23471
23443
23428
23441
23465
23450
23465
23480
23475
23475
23478
23481
23480
23483
24023
23781
23622
23544
23532
23525
23504
23521
23527
23527
23530
23538
23532
23537
23543
23539
23544
23582
23568
23558
23560
23576
23576
23577
23604
23596
23591
23601
23610
23610
23612
23698
23674
23646
23631
23640
23672
23650
23672
23678
23676
23678
23684
23682
23689
23736
23705
23702
23702
23718
23714
23735
23758
23740
23738
23743
23768
23767
23773
23909
23858
23823
23808
23791
23801
23813
23810
23821
23829
23824
23829
23838
23836
23852
23888
23867
23859
23864
23882
23868
23886
23900
23898
23889
23899
23907
23901
23908
23958
23933
23920
23911
23915
23928
23926
23929
23949
23939
23934
23947
23958
23953
23958
23991
23967
23959
23964
23970
23969
23989
24006
23996
23991
23996
24009
24009
24010
24235
24120
24059
24036
24029
24024
24028
24030
24029
24034
24040
24037
24039
24049
24043
24053
24076
24073
24063
24063
24073
24073
24074
24103
24082
24076
24087
24106
24103
24115
24184
24146
24125
24123
24124
24139
24125
24141
24159
24150
24149
24155
24164
24160
24176
24213
24195
24187
24192
24206
24206
24210
24223
24216
24213
24219
24224
24223
24233
24362
24282
24267
24251
24237
24249
24258
24253
24266
24274
24272
24273
24276
24274
24278
24318
24297
24283
24290
24307
24305
24309
24343
24332
24331
24337
24347
24343
24355
24421
24399
24384
24363
24382
24397
24397
24399
24412
24400
24400
24407
24416
24415
24419
24448
24443
24421
24439
24446
24444
24446
24480
24475
24450
24476
24484
24483
24494
28691
26666
25613
25018
24736
24601
24561
24540
24514
24496
24506
24528
24519
24532
24554
24548
24551
24559
24558
24560
24571
24568
24562
24567
24569
24569
24571
24583
24578
24574
24579
24595
24584
24598
24676
24649
24620
24614
24620
24644
24626
24648
24661
24660
24660
24663
24662
24667
24694
24684
24680
24680
24689
24685
24690
24713
24704
24695
24712
24733
24713
24734
24879
24788
24762
24744
24740
24742
24752
24751
24753
24769
24762
24763
24779
24776
24788
24841
24814
24802
24806
24827
24815
24838
24862
24860
24850
24862
24864
24864
24867
24955
24904
24892
24881
24884
24898
24895
24900
24936
24930
24927
24936
24946
24939
24947
24992
24979
24966
24976
24984
24982
24984
25003
24992
24992
24992
25016
25014
25017
25334
25215
25091
25054
25026
25020
25022
25046
25043
25048
25067
25056
25057
25080
25077
25083
25139
25130
25093
25110
25134
25131
25136
25169
25161
25159
25168
25206
25169
25213
25275
25259
25228
25219
25226
25250
25233
25253
25272
25264
25265
25273
25272
25275
25295
25288
25279
25281
25289
25288
25294
25325
25305
25300
25308
25330
25328
25333
25446
25385
25364
25343
25336
25342
25345
25345
25360
25372
25366
25372
25374
25372
25376
25406
25394
25386
25386
25401
25399
25406
25409
25407
25407
25407
25443
25428
25445
25538
25475
25462
25452
25457
25470
25468
25470
25493
25482
25480
25487
25504
25500
25534
25566
25557
25550
25552
25563
25562
25563
25598
25575
25567
25596
25608
25602
25611
26197
25919
25758
25692
25650
25628
25614
25617
25637
25634
25639
25667
25657
25667
25689
25672
25689
25708
25696
25692
25695
25703
25697
25707
25735
25730
25722
25735
25739
25739
25748
25858
25800
25785
25764
25781
25788
25786
25796
25827
25811
25821
25844
25828
25853
25879
25861
25860
25860
25867
25866
25874
25895
25889
25880
25890
25903
25901
25916
26046
25993
25960
25933
25925
25925
25951
25934
25960
25964
25962
25963
25985
25968
25986
26016
26014
26004
26005
26015
26015
26016
26037
26023
26018
26028
26041
26038
26042
26118
26087
26069
26051
26060
26083
26076
26086
26104
26090
26088
26094
26110
26110
26112
26146
26125
26118
26119
26142
26137
26143
26182
26163
26162
26168
26194
26185
26196
26410
26310
26244
26229
26201
26197
26198
26223
26210
26225
26238
26231
26232
26241
26240
26244
26284
26264
26250
26255
26271
26269
26272
26292
26288
26285
26292
26309
26305
26310
26378
26350
26325
26317
26320
26345
26332
26350
26362
26356
26354
26359
26373
26365
26373
26390
26379
26378
26378
26384
26384
26385
26399
26394
26393
26399
26401
26399
26409
26527
26449
26423
26416
26410
26414
26421
26418
26422
26441
26430
26440
26445
26444
26447
26500
26482
26473
26477
26494
26493
26499
26514
26503
26503
26506
26517
26515
26525
26605
26572
26557
26544
26554
26564
26561
26571
26597
26590
26585
26595
26600
26597
26604
26635
26627
26609
26620
26634
26631
26635
26648
26641
26640
26645
26655
26652
26659
27758
27221
26954
26797
26742
26697
26681
26667
26670
26682
26682
26697
26716
26701
26705
26734
26717
26734
26775
26759
26744
26752
26766
26760
26770
26786
26785
26777
26785
26788
26786
26791
26851
26813
26802
26798
26800
26810
26809
26811
26835
26814
26827
26849
26845
26849
26906
26875
26852
26871
26892
26890
26892
26926
26908
26907
26917
26928
26927
26946
27085
26989
26968
26959
26956
26958
26966
26962
26967
26972
26969
26972
26982
26982
26983
27041
27007
26990
26998
27029
27015
27035
27057
27051
27042
27052
27072
27061
27083
27170
27106
27090
27088
27088
27098
27097
27106
27133
27112
27110
27130
27161
27140
27162
27201
27183
27174
27179
27185
27183
27187
27206
27204
27202
27204
27212
27209
27215
27563
27359
27288
27239
27229
27227
27229
27234
27233
27235
27277
27251
27253
27285
27285
27287
27323
27298
27292
27292
27300
27299
27322
27337
27334
27333
27334
27343
27338
27346
27415
27391
27383
27367
27377
27385
27385
27388
27400
27392
27397
27408
27403
27412
27482
27442
27422
27439
27472
27446
27473
27509
27496
27483
27501
27534
27531
27559
27656
27602
27575
27565
27563
27564
27572
27571
27573
27578
27577
27577
27595
27593
27600
27629
27610
27602
27608
27620
27615
27628
27641
27630
27629
27639
27647
27646
27650
27723
27682
27668
27662
27662
27678
27670
27680
27696
27684
27684
27692
27702
27701
27711
27739
27728
27724
27726
27730
27730
27732
27746
27744
27743
27745
27749
27748
27754
28214
28010
27872
27810
27801
27781
27764
27768
27795
27787
27796
27804
27803
27803
27806
27805
27809
27841
27825
27817
27824
27833
27827
27835
27855
27852
27847
27854
27862
27855
27868
27930
27901
27881
27875
27879
27892
27886
27901
27905
27903
27905
27908
27906
27913
27954
27943
27937
27938
27952
27951
27953
27984
27973
27966
27977
28004
28002
28005
28132
28076
28043
28018
28017
28017
28038
28026
28040
28063
28051
28062
28074
28070
28074
28107
28085
28077
28085
28094
28092
28099
28121
28115
28108
28118
28129
28125
28130
28178
28150
28139
28138
28139
28146
28140
28146
28162
28155
28153
28160
28169
28168
28175
28198
28187
28183
28185
28192
28191
28195
28205
28203
28203
28203
28209
28205
28209
28431
28341
28274
28237
28222
28215
28220
28228
28224
28236
28262
28250
28254
28269
28267
28271
28318
28283
28276
28280
28303
28294
28314
28330
28322
28321
28327
28336
28334
28338
28386
28353
28347
28342
28344
28351
28348
28351
28375
28360
28355
28363
28378
28375
28386
28404
28399
28390
28398
28400
28399
28402
28421
28410
28409
28416
28422
28422
28427
28562
28487
28471
28440
28435
28437
28457
28450
28468
28481
28471
28475
28484
28482
28484
28524
28516
28489
28493
28517
28517
28518
28551
28528
28527
28532
28555
28555
28561
28624
28597
28573
28564
28567
28588
28583
28596
28613
28605
28598
28612
28617
28614
28623
28657
28637
28629
28636
28644
28640
28651
28659
28658
28658
28658
28686
28660
28687
30765
29784
29239
29002
28845
28764
28720
28701
28692
28695
28713
28704
28715
28742
28723
28726
28760
28747
28764
28807
28780
28768
28772
28790
28789
28795
28838
28834
28821
28838
28840
28838
28843
28920
28879
28857
28846
28854
28868
28864
28870
28902
28887
28897
28919
28906
28919
28961
28934
28930
28934
28936
28935
28954
28987
28974
28973
28985
28999
28998
29000
29129
29066
29051
29042
29004
29027
29050
29049
29051
29061
29059
29060
29064
29062
29066
29096
29081
29067
29081
29088
29085
29095
29120
29105
29104
29113
29125
29121
29126
29170
29146
29138
29132
29136
29139
29138
29141
29159
29155
29154
29157
29164
29163
29167
29208
29190
29175
29182
29198
29193
29204
29227
29215
29214
29222
29229
29229
29236
29517
29372
29303
29279
29258
29245
29255
29263
29258
29274
29281
29280
29281
29296
29282
29300
29340
29316
29306
29315
29335
29334
29340
29356
29348
29343
29352
29366
29364
29372
29430
29398
29386
29378
29385
29394
29387
29396
29423
29406
29418
29429
29426
29429
29455
29452
29437
29450
29454
29452
29455
29475
29467
29466
29473
29489
29478
29491
29626
29545
29531
29526
29520
29520
29530
29528
29531
29538
29531
29532
29541
29541
29545
29594
29565
29548
29549
29578
29569
29588
29616
29602
29599
29605
29620
29619
29626
29686
29654
29637
29629
29633
29643
29641
29645
29672
29671
29664
29672
29680
29679
29682
29717
29699
29692
29693
29712
29704
29713
29755
29732
29726
29746
29782
29774
29783
30248
30016
29934
29842
29815
29800
29791
29792
29813
29810
29814
29818
29816
29818
29829
29828
29837
29891
29872
29845
29847
29884
29877
29888
29912
29897
29896
29910
29925
29923
29930
29978
29960
29945
29937
29943
29949
29948
29950
29967
29960
29963
29973
29968
29977
29999
29987
29979
29982
29995
29992
29998
30003
30001
30000
30002
30015
30014
30015
30142
30075
30042
30023
30017
30023
30034
30032
30037
30054
30045
30053
30071
30063
30074
30103
30088
30086
30087
30095
30092
30101
30122
30111
30110
30112
30137
30129
30139
30202
30165
30158
30148
30148
30163
30163
30164
30176
30169
30166
30171
30184
30178
30188
30230
30209
30205
30209
30226
30225
30229
30241
30236
30230
30237
30244
30242
30246
30502
30417
30323
30283
30270
30256
30259
30276
30271
30279
30302
30292
30300
30313
30303
30315
30369
30331
30330
30331
30336
30331
30369
30391
30373
30371
30385
30409
30404
30412
30459
30446
30430
30421
30426
30437
30435
30443
30447
30447
30446
30447
30455
30450
30456
30477
30469
30461
30467
30476
30475
30477
30492
30488
30488
30489
30499
30495
30502
30625
30561
30543
30515
30503
30510
30528
30517
30531
30548
30544
30546
30555
30551
30557
30584
30576
30561
30566
30579
30578
30582
30603
30597
30588
30600
30610
30607
30623
30694
30680
30655
30649
30652
30659
30657
30672
30687
30682
30682
30687
30693
30688
30694
30727
30707
30700
30704
30716
30708
30721
30747
30730
30729
30735
30752
30750
30753
31731
31219
30992
30883
30821
30796
30776
30766
30771
30784
30777
30789
30804
30800
30803
30808
30804
30817
30849
30838
30828
30829
30846
30839
30847
30866
30854
30851
30856
30870
30870
30878
30936
30910
30896
30886
30892
30902
30899
30903
30923
30911
30912
30928
30926
30935
30954
30945
30938
30943
30951
30947
30952
30959
30957
30957
30958
30981
30980
30990
31077
31046
31018
31001
30992
31000
31008
31005
31015
31033
31018
31027
31042
31037
31045
31059
31050
31050
31050
31052
31051
31052
31068
31063
31063
31067
31073
31069
31077
31147
31129
31090
31078
31082
31104
31095
31112
31137
31136
31136
31137
31143
31140
31146
31181
31157
31148
31156
31161
31158
31166
31194
31189
31188
31189
31215
31207
31218
31513
31389
31305
31262
31242
31224
31226
31254
31251
31256
31292
31264
31289
31299
31298
31300
31329
31322
31317
31317
31327
31326
31327
31366
31338
31333
31366
31381
31379
31382
31449
31424
31394
31389
31390
31402
31402
31410
31441
31425
31428
31448
31444
31449
31480
31457
31454
31454
31459
31457
31471
31504
31488
31480
31503
31508
31507
31509
31620
31564
31536
31526
31517
31523
31529
31529
31534
31542
31541
31542
31555
31547
31559
31586
31574
31569
31571
31581
31577
31585
31603
31592
31587
31594
31615
31612
31617
31673
31642
31629
31624
31626
31641
31634
31642
31656
31654
31652
31655
31663
31658
31665
31698
31688
31678
31683
31693
31692
31694
31727
31711
31707
31717
31728
31728
31729
32327
31974
31865
31779
31755
31745
31732
31736
31747
31746
31748
31762
31759
31761
31773
31767
31778
31819
31798
31784
31798
31810
31800
31813
31831
31820
31820
31823
31859
31857
31865
31921
31894
31872
31866
31871
31874
31872
31876
31902
31896
31900
31912
31904
31915
31946
31939
31928
31929
31942
31942
31945
31965
31957
31951
31961
31969
31967
31972
32160
32073
32015
31991
31981
31985
32000
31997
32009
32046
32042
32044
32061
32058
32068
32110
32079
32074
32075
32098
32097
32108
32148
32125
32116
32132
32152
32149
32158
32259
32192
32168
32166
32167
32185
32169
32190
32232
32202
32193
32221
32249
32237
32256
32288
32270
32262
32266
32277
32276
32288
32316
32314
32299
32314
32321
32321
32327
32567
32439
32387
32359
32337
32333
32335
32344
32338
32358
32376
32361
32374
32381
32379
32386
32421
32410
32388
32407
32413
32410
32420
32425
32422
32421
32423
32427
32425
32439
32498
32457
32448
32443
32447
32454
32453
32456
32468
32460
32457
32463
32473
32471
32488
32526
32518
32499
32503
32521
32519
32522
32546
32546
32536
32546
32560
32547
32561
32659
32616
32594
32576
32571
32575
32581
32577
32584
32599
32594
32599
32603
32601
32608
32637
32626
32618
32619
32633
32629
32635
32646
32638
32637
32639
32654
32649
32656
32709
32688
32666
32665
32666
32672
32669
32684
32700
32692
32692
32694
32705
32703
32707
32749
32717
32710
32713
32724
32718
32747
32755
32753
32749
32753
32764
32757
32765
