2500
32732
32710
32664
32648
32648
32630
32625
32625
32609
32597
32579
32547
32532
32514
32512
32501
32492
32490
32479
32457
32449
32446
32435
32427
32412
32386
32381
32329
32317
32300
32290
32267
32258
32242
32233
32223
32212
32207
32167
32160
32135
32100
32077
32070
32060
32057
32021
32008
32004
31995
31991
31984
31975
31952
31948
31939
31917
31913
31888
31876
31847
31833
31831
31810
31797
31795
31788
31769
31764
31757
31737
31718
31709
31692
31689
31681
31664
31660
31640
31626
31615
31606
31604
31603
31595
31594
31567
31530
31523
31507
31498
31497
31489
31485
31468
31458
31455
31450
31444
31436
31419
31415
31411
31387
31380
31363
31355
31349
31308
31290
31258
31255
31254
31252
31243
31243
31242
31206
31198
31172
31154
31153
31149
31144
31136
31132
31126
31102
31071
31063
31059
31051
31046
31038
31035
31032
31030
31023
31022
31018
31011
31008
30990
30987
30983
30944
30938
30937
30937
30922
30885
30884
30876
30867
30864
30854
30829
30812
30807
30794
30788
30780
30755
30754
30731
30725
30716
30712
30656
30653
30651
30633
30621
30620
30618
30607
30605
30595
30589
30585
30565
30543
30537
30508
30495
30479
30463
30458
30448
30442
30440
30437
30436
30393
30378
30348
30283
30268
30265
30258
30254
30241
30233
30232
30216
30212
30191
30187
30178
30178
30136
30136
30125
30118
30108
30106
30090
30084
30075
30065
30056
30037
30033
30021
30015
30007
30004
29968
29943
29936
29913
29885
29881
29874
29873
29864
29835
29831
29830
29817
29801
29787
29780
29771
29740
29725
29695
29679
29675
29674
29661
29660
29644
29634
29630
29616
29614
29563
29558
29543
29537
29526
29507
29502
29500
29490
29489
29481
29447
29437
29422
29414
29398
29385
29373
29343
29337
29317
29315
29303
29289
29273
29244
29224
29223
29217
29197
29193
29193
29169
29164
29138
29112
29090
29052
29044
29033
29006
29003
29002
28989
28986
28984
28966
28959
28951
28951
28950
28944
28935
28926
28920
28915
28906
28897
28890
28884
28867
28835
28833
28820
28767
28765
28757
28757
28737
28720
28711
28710
28685
28634
28624
28606
28605
28593
28590
28580
28577
28575
28573
28566
28555
28548
28547
28545
28517
28508
28500
28499
28478
28473
28453
28451
28446
28441
28433
28418
28408
28386
28380
28364
28356
28352
28347
28346
28343
28338
28337
28313
28311
28305
28277
28261
28256
28254
28254
28246
28245
28228
28207
28180
28147
28135
28132
28123
28039
28030
28023
28020
28006
28002
27972
27938
27928
27901
27882
27843
27832
27831
27823
27803
27797
27789
27768
27736
27734
27725
27718
27714
27698
27691
27619
27604
27604
27569
27553
27541
27494
27477
27445
27436
27424
27367
27350
27336
27336
27303
27300
27296
27290
27270
27246
27244
27240
27233
27200
27199
27172
27151
27145
27123
27086
27084
27083
27071
27029
27026
26975
26956
26954
26943
26903
26894
26886
26875
26865
26848
26832
26813
26806
26772
26754
26750
26743
26740
26734
26726
26714
26692
26662
26649
26639
26611
26599
26569
26550
26550
26504
26489
26479
26471
26466
26448
26440
26391
26381
26376
26371
26368
26343
26338
26337
26331
26324
26317
26308
26306
26226
26216
26210
26210
26202
26199
26194
26186
26184
26176
26173
26165
26106
26088
26071
26066
26045
26039
25980
25963
25954
25947
25942
25898
25883
25873
25864
25861
25847
25845
25838
25824
25820
25811
25804
25800
25786
25782
25769
25721
25698
25692
25681
25678
25678
25670
25652
25646
25635
25625
25622
25595
25586
25585
25566
25557
25543
25542
25503
25460
25436
25429
25428
25415
25383
25382
25375
25369
25367
25365
25347
25339
25332
25325
25312
25296
25296
25288
25282
25273
25267
25263
25235
25227
25196
25170
25162
25123
25100
25087
25073
25060
25055
25043
25043
25038
25018
25014
25008
24970
24941
24904
24902
24894
24870
24870
24866
24832
24829
24829
24825
24811
24811
24794
24772
24757
24756
24745
24737
24734
24733
24705
24677
24670
24667
24664
24659
24655
24642
24624
24619
24603
24599
24596
24578
24572
24558
24548
24544
24542
24539
24534
24521
24485
24477
24477
24458
24439
24435
24429
24423
24418
24415
24404
24393
24361
24358
24355
24353
24341
24333
24312
24261
24242
24236
24229
24212
24202
24188
24172
24168
24165
24157
24138
24102
24096
24095
24091
24079
24077
24076
24042
24041
24036
24025
24014
24003
24002
23995
23964
23947
23947
23933
23907
23849
23846
23835
23833
23832
23832
23798
23793
23777
23772
23753
23742
23737
23733
23725
23712
23710
23699
23687
23673
23658
23638
23635
23629
23610
23602
23560
23522
23515
23507
23493
23462
23459
23449
23402
23394
23391
23389
23384
23370
23364
23360
23349
23347
23341
23320
23272
23229
23228
23209
23206
23205
23198
23176
23175
23165
23145
23131
23124
23108
23096
23087
23061
23048
23031
23026
23004
23002
22990
22973
22956
22928
22923
22906
22899
22896
22876
22870
22853
22839
22801
22789
22787
22735
22722
22713
22705
22701
22701
22664
22657
22650
22623
22611
22602
22569
22569
22530
22530
22523
22515
22510
22494
22483
22459
22443
22438
22429
22407
22370
22325
22294
22291
22257
22195
22192
22141
22139
22129
22112
22106
22104
22098
22073
22067
22030
22015
22006
21984
21984
21946
21938
21938
21931
21911
21845
21842
21839
21821
21795
21791
21791
21785
21762
21755
21751
21726
21717
21709
21653
21651
21640
21638
21629
21625
21624
21618
21612
21611
21590
21562
21537
21526
21517
21501
21457
21448
21439
21420
21420
21419
21414
21394
21393
21389
21384
21381
21348
21329
21323
21322
21313
21305
21304
21303
21302
21283
21276
21270
21268
21256
21255
21252
21248
21246
21213
21204
21203
21183
21176
21171
21160
21155
21149
21143
21137
21124
21123
21114
21114
21104
21100
21097
21078
21077
21069
21068
21068
21058
21055
21046
21043
21040
21039
20990
20941
20941
20917
20915
20906
20896
20891
20874
20857
20849
20825
20813
20792
20780
20775
20765
20759
20724
20708
20695
20695
20695
20690
20678
20675
20646
20594
20592
20577
20570
20566
20545
20521
20510
20505
20496
20493
20476
20470
20465
20457
20452
20442
20423
20373
20364
20363
20363
20354
20349
20347
20332
20332
20312
20300
20284
20283
20278
20274
20268
20255
20239
20225
20209
20198
20195
20176
20155
20147
20112
20070
20056
20036
20029
20016
20015
20003
19973
19965
19933
19910
19907
19868
19866
19850
19842
19837
19836
19834
19814
19805
19786
19782
19782
19778
19737
19726
19691
19682
19654
19644
19613
19607
19593
19561
19538
19531
19521
19449
19427
19426
19420
19401
19386
19377
19360
19357
19346
19345
19345
19336
19328
19320
19315
19290
19283
19281
19250
19247
19245
19242
19234
19216
19203
19195
19191
19145
19126
19117
19095
19089
19061
19043
19042
19039
19028
18949
18945
18943
18928
18922
18907
18901
18872
18863
18862
18858
18855
18847
18847
18837
18833
18804
18802
18788
18772
18740
18734
18728
18727
18711
18689
18686
18672
18642
18635
18631
18626
18622
18612
18603
18599
18592
18566
18555
18539
18536
18520
18471
18455
18454
18446
18428
18417
18417
18413
18408
18386
18368
18368
18362
18361
18333
18330
18326
18313
18309
18297
18296
18284
18281
18274
18270
18248
18232
18227
18217
18207
18206
18202
18177
18147
18145
18136
18130
18119
18115
18109
18109
18106
18073
18066
18046
18045
18029
18028
18023
17981
17962
17957
17940
17937
17922
17912
17874
17869
17867
17851
17820
17795
17782
17782
17766
17764
17744
17742
17740
17728
17720
17708
17707
17706
17703
17692
17668
17651
17650
17643
17638
17635
17633
17612
17534
17454
17425
17425
17421
17370
17365
17356
17352
17347
17333
17305
17293
17281
17265
17232
17206
17186
17181
17176
17173
17150
17146
17115
17098
17088
17084
17064
17060
17055
17053
17048
17028
17001
16999
16988
16978
16967
16963
16950
16926
16908
16907
16900
16900
16871
16871
16871
16852
16844
16843
16795
16772
16766
16747
16742
16737
16729
16724
16723
16710
16699
16697
16686
16683
16655
16645
16643
16642
16637
16617
16607
16585
16582
16564
16518
16509
16460
16458
16441
16440
16414
16384
16378
16371
16319
16285
16276
16257
16257
16257
16246
16240
16221
16199
16198
16194
16189
16180
16177
16177
16176
16168
16165
16153
16149
16140
16106
16093
16084
16076
16065
16042
15992
15991
15988
15981
15980
15977
15960
15957
15956
15955
15950
15947
15881
15873
15872
15860
15858
15855
15843
15840
15836
15824
15809
15790
15787
15784
15779
15766
15759
15758
15721
15707
15703
15693
15676
15671
15664
15662
15607
15602
15597
15594
15565
15564
15558
15544
15534
15515
15513
15488
15482
15448
15426
15403
15360
15357
15351
15345
15342
15342
15339
15306
15270
15266
15263
15256
15253
15253
15251
15243
15242
15242
15228
15223
15208
15187
15169
15164
15144
15137
15096
15082
15070
15059
15049
15045
15041
15032
15032
14999
14997
14987
14965
14950
14935
14930
14925
14908
14905
14899
14882
14847
14847
14847
14839
14806
14782
14773
14752
14723
14716
14711
14680
14672
14656
14656
14642
14631
14629
14615
14614
14604
14600
14594
14592
14589
14583
14543
14521
14515
14509
14506
14503
14489
14453
14453
14452
14439
14426
14417
14412
14401
14364
14360
14357
14344
14321
14317
14271
14204
14190
14186
14168
14167
14157
14143
14138
14136
14127
14112
14095
14081
14076
14070
14042
14021
14000
13996
13987
13980
13947
13937
13936
13920
13886
13859
13829
13810
13797
13795
13757
13751
13736
13703
13697
13685
13659
13646
13638
13598
13590
13535
13505
13495
13486
13481
13476
13475
13472
13461
13446
13433
13432
13411
13387
13359
13350
13324
13298
13294
13242
13173
13160
13135
13135
13130
13127
13123
13115
13104
13098
13092
13086
13082
13075
13074
13044
13041
13041
13036
13016
13012
12994
12990
12977
12975
12972
12946
12938
12917
12909
12904
12901
12880
12864
12830
12799
12798
12784
12755
12734
12729
12722
12717
12710
12658
12639
12637
12636
12627
12593
12575
12573
12568
12564
12560
12550
12529
12516
12510
12507
12504
12469
12463
12461
12431
12426
12397
12393
12331
12328
12327
12313
12300
12262
12259
12250
12249
12245
12237
12221
12202
12192
12181
12143
12141
12135
12112
12098
12096
12085
12061
12049
12047
12045
12035
12032
12027
11958
11949
11941
11935
11931
11920
11905
11827
11816
11790
11777
11756
11725
11697
11675
11633
11633
11621
11617
11596
11585
11581
11527
11527
11513
11455
11454
11437
11428
11427
11426
11413
11410
11396
11391
11364
11362
11353
11353
11351
11347
11305
11304
11304
11292
11278
11278
11275
11235
11215
11213
11199
11187
11140
11136
11133
11123
11104
11103
11076
11076
11050
11031
11028
11022
10971
10963
10941
10935
10920
10858
10830
10827
10819
10808
10794
10788
10774
10748
10732
10700
10636
10623
10609
10603
10601
10597
10592
10591
10591
10585
10581
10575
10563
10562
10560
10539
10524
10523
10522
10514
10510
10504
10502
10499
10471
10470
10454
10446
10446
10438
10433
10423
10420
10404
10399
10392
10387
10364
10357
10352
10348
10328
10302
10302
10245
10244
10243
10242
10221
10200
10192
10192
10187
10179
10162
10153
10137
10135
10132
10128
10067
10058
10036
10020
9995
9988
9986
9984
9960
9954
9953
9933
9914
9883
9878
9869
9868
9866
9856
9855
9839
9832
9818
9812
9801
9800
9751
9717
9713
9699
9688
9663
9650
9641
9629
9623
9619
9606
9600
9594
9558
9542
9508
9486
9485
9475
9454
9445
9414
9411
9407
9406
9393
9380
9344
9344
9341
9335
9315
9227
9217
9199
9199
9190
9154
9134
9104
9055
9026
9001
8998
8997
8997
8953
8939
8932
8921
8917
8914
8912
8879
8862
8858
8857
8827
8809
8806
8800
8782
8778
8749
8715
8695
8672
8666
8662
8653
8631
8599
8596
8562
8556
8545
8543
8543
8510
8508
8504
8497
8496
8445
8443
8428
8369
8344
8343
8325
8306
8304
8278
8268
8239
8238
8232
8227
8219
8212
8208
8207
8172
8170
8165
8163
8157
8142
8136
8130
8070
8062
8013
8007
7999
7991
7978
7955
7955
7935
7934
7923
7922
7918
7880
7878
7874
7867
7861
7853
7846
7834
7828
7807
7790
7782
7763
7751
7746
7742
7741
7735
7713
7692
7642
7629
7613
7610
7587
7578
7577
7566
7557
7551
7532
7513
7483
7473
7461
7437
7436
7435
7427
7410
7409
7398
7398
7387
7348
7333
7312
7307
7290
7287
7286
7281
7277
7244
7240
7236
7232
7230
7224
7222
7209
7162
7156
7141
7140
7127
7119
7100
7092
7082
7059
7023
7004
7002
6976
6972
6955
6950
6947
6929
6909
6892
6885
6880
6878
6849
6831
6816
6801
6794
6773
6772
6750
6721
6719
6712
6688
6676
6673
6642
6635
6622
6619
6604
6596
6591
6586
6586
6578
6562
6554
6550
6537
6527
6511
6509
6480
6455
6445
6445
6436
6433
6354
6347
6325
6324
6305
6302
6296
6287
6286
6283
6278
6271
6268
6258
6246
6243
6221
6218
6214
6209
6204
6194
6164
6162
6139
6118
6087
6082
6075
6070
6056
6041
6032
6022
6019
6014
6003
5999
5983
5964
5925
5921
5910
5891
5883
5880
5878
5876
5848
5848
5841
5830
5818
5811
5785
5764
5759
5716
5693
5676
5672
5669
5667
5661
5638
5632
5612
5608
5604
5531
5525
5517
5515
5501
5495
5486
5453
5418
5417
5412
5392
5382
5338
5337
5316
5306
5299
5291
5289
5260
5259
5247
5226
5192
5182
5182
5179
5162
5161
5147
5113
5094
5090
5088
5079
5065
5053
5049
5041
5038
5037
5020
5010
4993
4989
4963
4958
4942
4940
4937
4934
4925
4849
4845
4822
4807
4806
4805
4796
4789
4771
4755
4736
4729
4725
4707
4689
4682
4681
4662
4659
4606
4605
4593
4582
4574
4565
4542
4537
4535
4494
4481
4464
4435
4433
4405
4397
4359
4351
4345
4339
4333
4314
4311
4310
4305
4304
4293
4282
4266
4256
4242
4187
4181
4180
4175
4175
4172
4152
4147
4110
4107
4100
4064
4049
4043
4039
4037
4037
4030
4028
4011
4004
3989
3976
3972
3950
3949
3937
3924
3898
3894
3863
3857
3856
3854
3786
3783
3766
3737
3723
3684
3672
3655
3613
3607
3598
3591
3566
3563
3555
3544
3538
3536
3524
3512
3491
3485
3474
3469
3462
3444
3440
3427
3427
3423
3394
3376
3352
3350
3343
3329
3321
3307
3283
3278
3249
3249
3228
3227
3219
3206
3200
3192
3189
3178
3173
3157
3101
3096
3094
3093
3085
3063
3062
3051
3047
3042
3028
3015
3009
2986
2960
2955
2928
2906
2904
2904
2904
2883
2837
2814
2782
2781
2778
2777
2774
2756
2745
2745
2735
2735
2716
2693
2686
2648
2639
2634
2592
2579
2579
2570
2555
2529
2522
2517
2511
2508
2482
2480
2476
2452
2445
2436
2419
2413
2406
2401
2401
2400
2394
2392
2384
2375
2367
2361
2345
2295
2275
2270
2229
2218
2201
2184
2163
2154
2135
2112
2098
2007
1997
1992
1975
1973
1958
1951
1946
1932
1913
1913
1896
1885
1880
1873
1871
1853
1820
1819
1813
1805
1784
1761
1757
1704
1697
1688
1661
1661
1653
1643
1623
1621
1614
1598
1558
1482
1458
1454
1452
1452
1409
1408
1362
1356
1347
1315
1290
1273
1257
1257
1235
1211
1205
1193
1184
1174
1165
1141
1111
1108
1073
1060
1060
1047
1002
994
979
939
924
913
904
904
893
879
854
839
825
812
795
782
771
741
707
701
689
672
645
625
623
617
606
592
575
563
559
556
544
531
526
521
509
501
496
487
450
405
377
375
359
357
333
324
291
290
285
282
214
209
177
173
171
124
123
120
106
104
103
101
84
78
61
47
45
31
22
20
18
