1000
32760
32743
32735
32718
32713
32682
32650
32638
32629
32604
32597
32586
32571
32556
32551
32528
32503
32464
32272
32111
32090
32071
32045
32037
32012
31983
31940
31932
31925
31861
31782
31761
31758
31728
31720
31700
31660
31626
31608
31578
31577
31523
31485
31471
31454
31402
31400
31337
31212
31164
31139
31096
31092
31081
31063
31060
31037
31014
30999
30991
30934
30911
30898
30856
30837
30818
30815
30813
30804
30763
30752
30727
30708
30706
30604
30603
30572
30572
30517
30499
30497
30418
30415
30404
30388
30355
30235
30219
30199
30115
30109
30037
30022
30017
29987
29963
29895
29842
29824
29817
29710
29700
29622
29621
29581
29565
29564
29544
29465
29455
29319
29260
29179
29178
29153
29146
29142
29135
29132
29054
29045
29040
29005
28982
28969
28959
28914
28858
28792
28685
28608
28604
28591
28590
28583
28578
28530
28522
28493
28477
28466
28426
28391
28364
28181
28178
28122
28119
28098
28074
28040
28015
27979
27952
27921
27872
27863
27810
27759
27679
27665
27643
27643
27641
27628
27615
27608
27535
27524
27512
27473
27429
27383
27381
27337
27312
27306
27208
27196
27076
27053
27053
26996
26979
26903
26791
26694
26688
26685
26638
26633
26583
26558
26311
26301
26294
26277
26272
26270
26179
26157
26121
26093
26073
26071
26070
26029
25900
25882
25872
25866
25842
25839
25809
25797
25776
25770
25758
25751
25738
25723
25717
25714
25678
25657
25648
25612
25577
25520
25478
25456
25453
25449
25448
25402
25374
25349
25337
25317
25315
25266
25260
25217
25182
25144
25142
25103
25098
25003
24924
24887
24867
24864
24773
24689
24681
24662
24659
24600
24595
24533
24505
24464
24436
24360
24327
24263
24211
24203
24200
24184
24146
24134
24125
24103
24100
24094
24066
24064
24055
24041
24025
23959
23953
23938
23910
23869
23773
23725
23712
23709
23654
23614
23536
23531
23510
23443
23400
23373
23332
23240
23223
23150
23079
23058
22945
22940
22913
22875
22849
22842
22812
22783
22781
22609
22575
22505
22483
22464
22393
22389
22379
22163
22116
22108
21986
21977
21965
21833
21831
21805
21783
21772
21743
21723
21676
21673
21635
21578
21542
21520
21496
21487
21367
21288
21263
21257
21247
21219
21218
21161
21140
21118
21045
21024
20969
20965
20903
20884
20852
20847
20797
20775
20773
20762
20732
20729
20688
20568
20563
20563
20545
20522
20372
20320
20310
20256
20232
20191
20158
20155
20042
20035
20032
20025
19995
19994
19962
19947
19917
19912
19802
19776
19736
19732
19724
19713
19639
19634
19633
19551
19534
19492
19479
19451
19408
19406
19403
19380
19273
19272
19268
19252
19144
19140
19124
19109
19094
19006
18974
18972
18945
18941
18871
18847
18845
18734
18699
18643
18630
18629
18597
18564
18562
18558
18538
18509
18508
18506
18426
18414
18364
18321
18247
18213
18207
18178
18176
18143
18069
18047
18042
17992
17990
17985
17976
17837
17824
17778
17776
17702
17560
17513
17474
17471
17405
17402
17398
17316
17302
17253
17190
17168
17115
17090
17081
17069
17051
17045
17027
16994
16991
16935
16814
16801
16795
16652
16629
16608
16602
16573
16547
16545
16508
16371
16333
16287
16276
16264
16261
16219
16207
16191
16190
16175
16168
16129
16112
16089
16068
16050
16022
16019
16007
15987
15975
15912
15766
15719
15719
15692
15678
15670
15670
15607
15523
15516
15515
15499
15480
15426
15381
15312
15283
15245
15235
15186
15145
15123
15063
15044
15006
14979
14965
14961
14932
14912
14868
14827
14805
14736
14734
14716
14689
14623
14503
14475
14422
14371
14370
14289
14288
14283
14275
14266
14248
14243
14231
14208
14156
14142
14022
13975
13971
13935
13935
13934
13931
13855
13831
13824
13809
13749
13706
13688
13581
13563
13547
13546
13526
13454
13444
13380
13368
13300
13273
13239
13219
13155
13017
12942
12941
12916
12895
12815
12798
12665
12650
12640
12579
12569
12562
12506
12504
12489
12441
12430
12403
12396
12295
12272
12270
12218
12194
12168
12138
12106
12060
12052
11964
11953
11949
11912
11861
11852
11819
11810
11725
11678
11659
11646
11641
11623
11593
11591
11590
11569
11518
11494
11460
11433
11430
11411
11370
11333
11318
11311
11257
11236
11203
11198
11194
11176
11173
11169
11164
11141
11127
11124
11035
11027
10958
10951
10852
10784
10746
10735
10640
10573
10532
10524
10520
10497
10487
10479
10343
10341
10307
10292
10243
10238
10226
10217
10207
10172
10125
10116
9959
9932
9915
9854
9827
9761
9759
9748
9668
9665
9657
9610
9520
9473
9430
9420
9401
9380
9348
9291
9202
9134
8993
8831
8829
8820
8722
8717
8670
8669
8642
8615
8595
8507
8412
8384
8331
8291
8278
8193
8178
8079
8068
7971
7924
7900
7858
7806
7803
7772
7637
7627
7592
7517
7465
7409
7397
7389
7376
7300
7277
7247
7226
7211
7199
7186
7155
7118
7087
7066
7033
6974
6972
6940
6919
6854
6852
6739
6720
6718
6717
6711
6701
6677
6668
6663
6558
6542
6539
6537
6515
6489
6400
6394
6389
6363
6361
6321
6274
6273
6264
6219
6161
6109
6070
6051
6038
6002
5963
5953
5904
5788
5690
5690
5622
5598
5596
5592
5587
5575
5550
5531
5516
5477
5471
5438
5424
5359
5269
5265
5260
5232
5229
5210
5203
5157
5089
5036
5014
5012
4966
4941
4903
4881
4874
4812
4688
4681
4670
4660
4628
4533
4514
4500
4479
4478
4436
4435
4417
4346
4342
4308
4283
4275
4269
4227
4200
4144
4116
4037
4035
4024
3991
3959
3956
3809
3804
3768
3663
3648
3646
3630
3623
3569
3464
3426
3415
3367
3287
3269
3265
3264
3133
3068
2984
2977
2939
2858
2763
2713
2707
2700
2672
2663
2596
2591
2569
2563
2515
2430
2414
2400
2398
2388
2388
2373
2372
2370
2366
2330
2301
2246
2239
2229
2131
2079
2054
2048
2033
1953
1944
1940
1926
1912
1901
1859
1832
1830
1824
1809
1795
1788
1780
1762
1704
1671
1593
1578
1485
1479
1466
1435
1417
1409
1405
1405
1384
1332
1323
1263
1182
1163
1082
1069
1060
1019
1015
1002
989
983
965
959
917
912
872
865
853
841
800
785
737
735
610
563
527
513
491
466
456
420
412
398
358
321
290
288
262
185
135
127
118
84
77
