1000
16219
7517
3663
1788
917
456
262
118
77
84
135
127
185
358
290
288
321
412
398
420
737
527
491
466
513
610
563
735
853
800
785
841
872
865
912
1332
1019
983
959
965
1002
989
1015
1163
1069
1060
1082
1263
1182
1323
1479
1409
1405
1384
1405
1435
1417
1466
1671
1578
1485
1593
1762
1704
1780
2414
2054
1901
1824
1795
1809
1832
1830
1859
1944
1926
1912
1940
2033
1953
2048
2366
2239
2131
2079
2229
2301
2246
2330
2388
2372
2370
2373
2398
2388
2400
2984
2672
2569
2515
2430
2563
2596
2591
2663
2763
2707
2700
2713
2939
2858
2977
3415
3265
3133
3068
3264
3287
3269
3367
3623
3464
3426
3569
3646
3630
3648
5596
4681
4275
4024
3809
3768
3804
3959
3956
3991
4144
4037
4035
4116
4227
4200
4269
4478
4346
4308
4283
4342
4435
4417
4436
4533
4500
4479
4514
4660
4628
4670
5229
4966
4874
4688
4812
4903
4881
4941
5089
5014
5012
5036
5203
5157
5210
5471
5269
5260
5232
5265
5424
5359
5438
5550
5516
5477
5531
5587
5575
5592
6663
6219
5953
5690
5598
5622
5788
5690
5904
6051
6002
5963
6038
6109
6070
6161
6394
6321
6273
6264
6274
6363
6361
6389
6537
6489
6400
6515
6542
6539
6558
7066
6739
6711
6677
6668
6701
6718
6717
6720
6940
6854
6852
6919
6974
6972
7033
7247
7186
7118
7087
7155
7211
7199
7226
7389
7300
7277
7376
7409
7397
7465
12138
10292
8993
8278
7858
7637
7592
7627
7803
7772
7806
8068
7924
7900
7971
8178
8079
8193
8642
8412
8331
8291
8384
8595
8507
8615
8722
8670
8669
8717
8829
8820
8831
9748
9420
9291
9134
9202
9380
9348
9401
9610
9473
9430
9520
9665
9657
9668
10116
9854
9761
9759
9827
9932
9915
9959
10217
10172
10125
10207
10238
10226
10243
11257
10852
10520
10343
10307
10341
10487
10479
10497
10640
10532
10524
10573
10746
10735
10784
11164
11035
10958
10951
11027
11127
11124
11141
11194
11173
11169
11176
11203
11198
11236
11641
11460
11370
11318
11311
11333
11430
11411
11433
11590
11518
11494
11569
11593
11591
11623
11861
11725
11659
11646
11678
11819
11810
11852
11964
11949
11912
11953
12060
12052
12106
14275
13300
12569
12396
12218
12168
12194
12272
12270
12295
12489
12430
12403
12441
12506
12504
12562
12916
12665
12640
12579
12650
12815
12798
12895
13155
12942
12941
13017
13239
13219
13273
13831
13547
13444
13368
13380
13526
13454
13546
13706
13581
13563
13688
13809
13749
13824
14022
13935
13931
13855
13934
13971
13935
13975
14231
14156
14142
14208
14248
14243
14266
15312
14827
14475
14289
14283
14288
14371
14370
14422
14716
14623
14503
14689
14736
14734
14805
15044
14961
14912
14868
14932
14979
14965
15006
15186
15123
15063
15145
15245
15235
15283
15912
15607
15499
15426
15381
15480
15516
15515
15523
15692
15670
15670
15678
15719
15719
15766
16089
16019
15987
15975
16007
16050
16022
16068
16175
16129
16112
16168
16191
16190
16207
24887
20310
18506
17302
16795
16508
16276
16261
16264
16333
16287
16371
16602
16547
16545
16573
16629
16608
16652
17051
16991
16814
16801
16935
17027
16994
17045
17115
17081
17069
17090
17190
17168
17253
17985
17513
17402
17316
17398
17471
17405
17474
17778
17702
17560
17776
17837
17824
17976
18178
18047
17992
17990
18042
18143
18069
18176
18321
18213
18207
18247
18414
18364
18426
19403
18871
18597
18538
18508
18509
18562
18558
18564
18699
18630
18629
18643
18845
18734
18847
19124
18974
18945
18941
18972
19094
19006
19109
19268
19144
19140
19252
19273
19272
19380
19802
19633
19479
19408
19406
19451
19534
19492
19551
19724
19639
19634
19713
19736
19732
19776
20032
19962
19917
19912
19947
19995
19994
20025
20158
20042
20035
20155
20232
20191
20256
22781
21288
20847
20568
20522
20320
20372
20563
20545
20563
20762
20729
20688
20732
20775
20773
20797
21118
20965
20884
20852
20903
21024
20969
21045
21219
21161
21140
21218
21257
21247
21263
21831
21635
21496
21367
21487
21542
21520
21578
21743
21676
21673
21723
21783
21772
21805
22379
21986
21965
21833
21977
22116
22108
22163
22483
22393
22389
22464
22575
22505
22609
23959
23373
22940
22842
22783
22812
22875
22849
22913
23150
23058
22945
23079
23240
23223
23332
23709
23531
23443
23400
23510
23614
23536
23654
23869
23725
23712
23773
23938
23910
23953
24263
24103
24064
24041
24025
24055
24094
24066
24100
24184
24134
24125
24146
24203
24200
24211
24600
24464
24360
24327
24436
24533
24505
24595
24689
24662
24659
24681
24864
24773
24867
28959
26685
25738
25374
25182
25098
24924
25003
25142
25103
25144
25315
25260
25217
25266
25337
25317
25349
25577
25453
25448
25402
25449
25478
25456
25520
25678
25648
25612
25657
25717
25714
25723
26071
25839
25770
25751
25758
25797
25776
25809
25882
25866
25842
25872
26029
25900
26070
26277
26157
26093
26073
26121
26270
26179
26272
26558
26301
26294
26311
26633
26583
26638
27810
27381
27053
26791
26688
26694
26979
26903
26996
27208
27076
27053
27196
27312
27306
27337
27615
27512
27429
27383
27473
27535
27524
27608
27643
27641
27628
27643
27679
27665
27759
28426
28074
27952
27872
27863
27921
28015
27979
28040
28178
28119
28098
28122
28364
28181
28391
28590
28522
28477
28466
28493
28578
28530
28583
28685
28604
28591
28608
28858
28792
28914
30898
29987
29319
29132
29005
28969
28982
29045
29040
29054
29153
29142
29135
29146
29179
29178
29260
29622
29564
29465
29455
29544
29581
29565
29621
29824
29710
29700
29817
29895
29842
29963
30517
30235
30109
30022
30017
30037
30199
30115
30219
30415
30388
30355
30404
30497
30418
30499
30752
30604
30572
30572
30603
30708
30706
30727
30815
30804
30763
30813
30837
30818
30856
31761
31337
31060
30991
30911
30934
31014
30999
31037
31096
31081
31063
31092
31164
31139
31212
31578
31471
31402
31400
31454
31523
31485
31577
31700
31626
31608
31660
31728
31720
31758
32528
32037
31932
31861
31782
31925
31983
31940
32012
32111
32071
32045
32090
32464
32272
32503
32638
32586
32556
32551
32571
32604
32597
32629
32718
32682
32650
32713
32743
32735
32760
