5000
16392
8451
4260
2140
1196
544
298
150
89
45
14
10
33
49
47
55
81
131
108
96
115
130
137
135
142
146
234
185
165
153
167
178
213
211
214
220
253
244
236
247
251
273
265
295
297
401
360
317
306
305
313
330
324
337
360
376
368
362
372
376
378
378
378
396
465
434
407
402
408
430
451
447
457
458
510
491
480
502
507
527
518
528
538
878
694
611
597
561
546
594
600
599
601
607
628
617
612
626
627
669
661
685
685
758
719
706
700
711
712
722
722
727
749
855
776
768
791
830
858
857
869
878
1018
967
890
888
886
890
945
927
957
960
1004
982
968
982
1004
1011
1011
1016
1017
1114
1071
1029
1022
1057
1068
1080
1078
1085
1105
1165
1142
1130
1152
1158
1169
1168
1170
1181
1635
1406
1312
1251
1206
1205
1205
1205
1225
1211
1243
1250
1287
1253
1251
1274
1277
1292
1291
1307
1308
1340
1323
1316
1316
1318
1321
1327
1324
1330
1330
1376
1350
1348
1359
1373
1379
1378
1379
1387
1527
1445
1422
1421
1412
1422
1439
1435
1440
1440
1489
1462
1448
1474
1483
1500
1496
1501
1502
1578
1534
1531
1530
1534
1534
1546
1538
1549
1554
1591
1583
1583
1586
1590
1594
1593
1602
1627
1896
1740
1704
1678
1675
1638
1677
1688
1682
1688
1701
1715
1706
1705
1709
1715
1728
1718
1732
1734
1833
1766
1755
1746
1755
1764
1771
1771
1808
1821
1852
1845
1835
1845
1846
1882
1879
1887
1888
2042
1960
1933
1903
1902
1920
1944
1942
1947
1954
2009
1992
1983
1999
2001
2029
2021
2032
2038
2108
2058
2052
2043
2054
2054
2082
2078
2089
2106
2125
2119
2113
2122
2124
2131
2129
2133
2139
3224
2632
2404
2246
2185
2163
2146
2144
2149
2169
2167
2172
2174
2221
2193
2186
2216
2217
2226
2222
2237
2246
2320
2276
2259
2250
2260
2275
2277
2277
2285
2290
2377
2327
2325
2367
2372
2382
2382
2388
2395
2501
2437
2411
2407
2406
2408
2416
2412
2423
2437
2467
2451
2445
2455
2461
2481
2477
2481
2493
2568
2528
2509
2505
2511
2513
2551
2543
2551
2557
2603
2572
2568
2600
2600
2613
2613
2616
2624
2863
2720
2687
2649
2638
2633
2643
2658
2655
2662
2667
2704
2693
2692
2703
2703
2711
2706
2712
2715
2791
2757
2743
2742
2743
2751
2767
2761
2778
2785
2811
2804
2803
2810
2811
2847
2815
2847
2852
3087
2981
2935
2884
2877
2909
2960
2942
2967
2981
3031
3019
2991
3030
3030
3072
3055
3075
3075
3126
3109
3104
3088
3105
3108
3111
3110
3113
3115
3173
3135
3129
3148
3173
3195
3187
3196
3205
3704
3424
3315
3255
3236
3229
3229
3236
3244
3243
3246
3248
3280
3269
3266
3273
3280
3292
3284
3296
3300
3380
3351
3329
3316
3341
3348
3367
3351
3375
3379
3392
3388
3384
3391
3392
3416
3409
3419
3420
3546
3484
3457
3439
3436
3453
3463
3460
3469
3470
3515
3497
3484
3507
3511
3529
3518
3535
3540
3600
3557
3547
3547
3553
3556
3568
3565
3577
3578
3648
3618
3616
3618
3619
3663
3657
3678
3682
3959
3850
3763
3734
3720
3719
3730
3752
3738
3752
3762
3820
3797
3782
3802
3805
3835
3822
3841
3845
3917
3879
3856
3855
3859
3862
3888
3885
3889
3896
3946
3932
3924
3935
3935
3952
3950
3954
3958
4096
4030
3990
3974
3966
3978
3978
4019
4003
4025
4028
4058
4041
4037
4048
4056
4062
4060
4075
4090
4180
4119
4105
4102
4107
4119
4151
4142
4178
4180
4216
4193
4182
4201
4212
4236
4222
4247
4260
6353
5241
4686
4455
4380
4308
4288
4277
4277
4287
4295
4289
4303
4306
4360
4326
4316
4334
4336
4365
4362
4370
4378
4416
4395
4388
4382
4389
4394
4402
4398
4405
4413
4431
4420
4419
4421
4423
4448
4445
4452
4454
4535
4482
4471
4469
4466
4470
4479
4475
4480
4482
4519
4493
4485
4512
4518
4522
4520
4523
4524
4612
4579
4548
4537
4563
4570
4598
4584
4606
4607
4670
4630
4622
4632
4637
4680
4679
4680
4684
5017
4881
4779
4738
4694
4690
4727
4765
4750
4771
4771
4857
4800
4786
4852
4856
4866
4863
4872
4879
4978
4923
4884
4884
4903
4917
4951
4932
4961
4969
4993
4981
4980
4988
4989
5014
5006
5014
5017
5116
5052
5035
5029
5018
5033
5038
5038
5045
5045
5095
5058
5057
5062
5071
5096
5096
5104
5107
5188
5154
5126
5124
5131
5152
5169
5154
5176
5177
5206
5194
5193
5196
5196
5215
5214
5228
5232
5793
5583
5398
5308
5267
5262
5248
5264
5296
5278
5301
5308
5361
5334
5316
5342
5356
5369
5366
5377
5397
5493
5450
5421
5400
5445
5446
5456
5451
5474
5477
5521
5502
5500
5516
5518
5535
5527
5537
5575
5664
5632
5601
5587
5584
5593
5607
5603
5620
5627
5651
5636
5632
5637
5638
5656
5651
5659
5662
5727
5702
5666
5664
5669
5675
5710
5710
5713
5714
5759
5742
5732
5757
5758
5765
5762
5773
5782
6062
5956
5875
5827
5801
5798
5826
5834
5834
5855
5875
5903
5882
5879
5886
5889
5921
5919
5924
5950
6027
5982
5961
5960
5961
5980
6014
6000
6016
6020
6038
6032
6029
6035
6038
6042
6041
6044
6060
6245
6115
6088
6078
6063
6080
6092
6091
6104
6113
6160
6141
6123
6146
6148
6170
6170
6177
6222
6319
6289
6248
6246
6252
6255
6298
6290
6305
6312
6338
6322
6320
6332
6335
6347
6347
6349
6352
7282
6766
6550
6413
6384
6378
6360
6355
6369
6381
6378
6383
6383
6404
6392
6384
6398
6403
6411
6407
6412
6412
6484
6474
6442
6419
6443
6453
6481
6476
6481
6482
6526
6499
6489
6501
6511
6537
6527
6540
6544
6695
6617
6564
6558
6553
6561
6584
6584
6594
6604
6652
6625
6619
6634
6642
6655
6654
6680
6690
6742
6726
6706
6696
6713
6723
6732
6728
6735
6737
6752
6743
6743
6743
6746
6754
6753
6761
6761
7017
6853
6812
6793
6779
6774
6784
6799
6797
6808
6810
6829
6819
6816
6823
6825
6837
6829
6841
6849
6938
6905
6896
6894
6899
6899
6922
6908
6933
6936
6966
6957
6941
6958
6962
6995
6979
6997
7001
7145
7071
7062
7030
7020
7058
7062
7062
7064
7067
7098
7084
7082
7087
7092
7129
7128
7132
7139
7185
7160
7151
7146
7153
7155
7161
7161
7162
7169
7223
7196
7191
7206
7210
7244
7232
7263
7273
8004
7755
7447
7365
7312
7283
7283
7304
7330
7329
7360
7364
7410
7383
7379
7387
7409
7429
7424
7435
7445
7579
7515
7468
7449
7494
7509
7523
7520
7542
7561
7657
7582
7580
7627
7633
7675
7669
7718
7729
7871
7805
7783
7765
7759
7776
7794
7793
7799
7800
7840
7826
7821
7829
7837
7849
7842
7859
7862
7944
7913
7890
7872
7901
7908
7934
7928
7938
7940
7960
7946
7945
7947
7955
7986
7984
7987
7998
8253
8114
8047
8028
8017
8017
8023
8038
8037
8039
8046
8077
8049
8048
8059
8060
8091
8088
8092
8096
8201
8145
8129
8125
8132
8134
8162
8160
8170
8176
8219
8206
8202
8207
8215
8226
8225
8236
8249
8351
8305
8277
8260
8253
8263
8276
8293
8293
8295
8296
8323
8312
8312
8316
8319
8334
8332
8337
8349
8405
8376
8361
8351
8367
8370
8384
8383
8394
8402
8424
8418
8410
8420
8421
8441
8434
8444
8450
12588
10448
9430
8931
8693
8571
8501
8473
8456
8453
8462
8484
8479
8498
8500
8543
8514
8511
8519
8536
8555
8545
8556
8560
8661
8617
8586
8573
8599
8604
8646
8627
8650
8661
8678
8670
8665
8672
8673
8688
8681
8690
8693
8808
8730
8719
8708
8695
8711
8724
8721
8725
8728
8787
8750
8738
8776
8780
8792
8787
8793
8795
8866
8846
8839
8834
8844
8846
8852
8849
8854
8856
8897
8895
8890
8896
8896
8901
8898
8906
8922
9145
9049
8968
8951
8943
8933
8947
8960
8956
8963
8967
8987
8975
8973
8977
8977
9027
8988
9031
9047
9102
9076
9059
9055
9068
9071
9088
9086
9099
9101
9121
9114
9103
9120
9120
9125
9124
9134
9137
9265
9192
9175
9166
9148
9168
9178
9177
9180
9182
9217
9203
9195
9209
9216
9219
9218
9236
9236
9352
9319
9284
9284
9289
9306
9325
9321
9340
9343
9377
9355
9353
9366
9373
9383
9377
9391
9398
9886
9694
9527
9480
9454
9444
9432
9452
9468
9454
9470
9475
9487
9481
9481
9483
9484
9508
9494
9514
9523
9607
9582
9562
9550
9565
9576
9590
9584
9594
9597
9645
9620
9615
9630
9640
9660
9660
9663
9670
9772
9716
9704
9703
9698
9703
9713
9710
9715
9716
9744
9741
9721
9743
9743
9765
9749
9765
9768
9823
9802
9780
9778
9780
9794
9804
9803
9805
9814
9857
9841
9837
9849
9853
9877
9870
9878
9885
10136
9985
9949
9908
9894
9888
9897
9930
9922
9942
9947
9962
9954
9954
9959
9960
9968
9967
9969
9984
10063
10029
9994
9990
10012
10014
10047
10046
10051
10060
10107
10080
10064
10091
10095
10118
10113
10124
10125
10296
10233
10168
10154
10140
10166
10175
10170
10208
10210
10263
10245
10237
10248
10253
10278
10267
10282
10294
10358
10328
10319
10312
10324
10327
10333
10332
10348
10350
10398
10384
10381
10388
10394
10419
10417
10432
10434
11520
10916
10677
10569
10511
10480
10456
10449
10463
10501
10484
10506
10507
10551
10540
10533
10547
10549
10557
10556
10566
10567
10617
10608
10576
10574
10590
10601
10612
10612
10614
10616
10645
10623
10621
10625
10632
10654
10651
10658
10660
10800
10746
10703
10692
10689
10695
10729
10706
10738
10742
10764
10754
10751
10764
10764
10773
10769
10786
10795
10858
10840
10828
10826
10830
10839
10846
10841
10856
10856
10897
10871
10865
10871
10880
10908
10904
10913
10914
11178
11029
10981
10948
10940
10929
10944
10950
10949
10961
10962
11001
10993
10983
10994
10997
11015
11006
11019
11023
11096
11078
11034
11030
11045
11057
11087
11086
11089
11096
11141
11107
11101
11125
11126
11152
11141
11167
11170
11400
11316
11198
11187
11179
11188
11289
11287
11294
11306
11352
11326
11326
11341
11347
11382
11355
11390
11395
11468
11439
11422
11408
11423
11436
11443
11443
11453
11454
11493
11480
11470
11485
11487
11510
11496
11515
11515
11983
11771
11679
11602
11543
11532
11529
11537
11579
11562
11579
11584
11651
11624
11617
11627
11636
11661
11658
11667
11668
11726
11711
11701
11688
11708
11708
11712
11712
11718
11723
11756
11743
11734
11746
11750
11767
11761
11767
11768
11875
11814
11798
11795
11780
11797
11804
11802
11806
11813
11841
11826
11816
11829
11836
11849
11842
11854
11865
11912
11890
11879
11878
11881
11884
11895
11894
11896
11909
11951
11929
11925
11942
11946
11971
11960
11971
11975
12237
12067
12024
12011
11996
11991
12004
12013
12012
12017
12023
12047
12035
12034
12043
12044
12051
12049
12061
12067
12160
12095
12088
12080
12089
12091
12130
12107
12155
12156
12192
12175
12174
12189
12190
12196
12196
12208
12233
12403
12288
12262
12252
12246
12258
12259
12266
12263
12274
12281
12305
12294
12293
12298
12303
12309
12309
12343
12397
12490
12432
12406
12406
12416
12430
12453
12442
12476
12489
12542
12510
12493
12520
12531
12553
12546
12573
12586
14530
13592
13101
12869
12705
12639
12612
12590
12590
12597
12633
12622
12635
12638
12679
12661
12642
12661
12673
12691
12685
12703
12703
12785
12747
12730
12708
12732
12735
12763
12748
12771
12775
12820
12791
12790
12806
12817
12826
12820
12845
12850
12985
12915
12892
12881
12871
12885
12902
12901
12906
12906
12945
12921
12918
12931
12935
12963
12959
12967
12973
13057
13025
13004
12987
13012
13017
13035
13027
13040
13048
13077
13069
13059
13071
13072
13086
13079
13094
13096
13359
13177
13139
13120
13103
13103
13118
13129
13123
13131
13137
13156
13147
13143
13149
13156
13159
13158
13166
13172
13255
13219
13204
13198
13207
13210
13227
13222
13246
13253
13306
13280
13259
13301
13304
13321
13318
13344
13354
13468
13404
13367
13366
13361
13366
13381
13378
13386
13386
13445
13417
13416
13427
13429
13455
13449
13460
13462
13539
13496
13475
13472
13483
13488
13501
13500
13532
13538
13573
13551
13544
13565
13570
13579
13577
13581
13588
14054
13827
13694
13637
13623
13595
13594
13620
13626
13624
13631
13634
13658
13647
13642
13650
13651
13674
13665
13685
13692
13746
13718
13705
13700
13706
13713
13730
13722
13737
13740
13800
13764
13754
13783
13783
13808
13802
13816
13819
13976
13907
13864
13851
13843
13853
13875
13871
13882
13899
13942
13916
13914
13916
13921
13948
13948
13953
13966
14012
13989
13987
13982
13987
13987
14003
13997
14008
14010
14028
14020
14014
14022
14027
14039
14036
14040
14040
14293
14162
14115
14079
14057
14055
14059
14099
14092
14101
14110
14145
14128
14123
14138
14140
14149
14148
14151
14152
14238
14197
14183
14179
14189
14191
14212
14210
14214
14237
14261
14247
14241
14250
14251
14265
14263
14265
14267
14442
14336
14299
14299
14294
14299
14331
14322
14332
14336
14395
14353
14339
14355
14355
14410
14398
14421
14439
14491
14462
14446
14444
14446
14453
14481
14474
14483
14486
14513
14494
14494
14511
14513
14519
14518
14524
14525
15499
14980
14793
14650
14610
14577
14546
14540
14559
14583
14583
14598
14604
14637
14627
14619
14630
14633
14642
14642
14647
14647
14715
14685
14668
14663
14682
14684
14695
14688
14697
14709
14775
14742
14739
14770
14773
14786
14781
14786
14787
14879
14843
14811
14798
14796
14798
14829
14824
14830
14842
14862
14852
14846
14856
14857
14868
14865
14873
14878
14909
14892
14880
14880
14883
14884
14899
14893
14904
14907
14938
14913
14910
14919
14932
14960
14945
14965
14972
15257
15133
15018
15004
14984
14981
15001
15008
15007
15010
15015
15093
15066
15038
15091
15092
15101
15096
15122
15126
15187
15173
15146
15135
15146
15152
15178
15173
15178
15181
15203
15194
15187
15197
15199
15236
15212
15242
15249
15398
15319
15297
15275
15267
15278
15302
15301
15304
15312
15344
15330
15328
15331
15342
15358
15353
15368
15390
15473
15439
15421
15398
15434
15436
15460
15447
15461
15464
15482
15476
15474
15480
15481
15489
15489
15494
15499
15903
15667
15596
15534
15517
15509
15500
15510
15529
15522
15532
15533
15569
15536
15535
15536
15567
15588
15584
15593
15593
15637
15623
15600
15596
15605
15621
15628
15624
15630
15630
15656
15649
15638
15654
15656
15660
15659
15660
15662
15767
15730
15684
15673
15670
15674
15695
15692
15695
15714
15754
15736
15734
15753
15753
15755
15754
15760
15764
15819
15789
15774
15774
15784
15787
15810
15791
15811
15816
15873
15839
15823
15857
15862
15878
15876
15891
15902
16092
15975
15943
15923
15916
15916
15920
15925
15924
15930
15938
15959
15949
15945
15949
15957
15962
15960
15968
15970
16052
16005
15988
15981
15999
16002
16014
16009
16032
16044
16065
16055
16054
16056
16059
16084
16070
16087
16089
16260
16168
16121
16101
16095
16109
16110
16149
16140
16151
16164
16242
16195
16169
16209
16236
16245
16245
16255
16259
16354
16298
16272
16264
16272
16281
16327
16312
16329
16337
16372
16357
16356
16357
16360
16377
16373
16385
16389
24422
20506
18487
17472
16908
16626
16507
16422
16403
16395
16394
16400
16410
16409
16411
16420
16472
16439
16437
16464
16469
16483
16474
16487
16501
16566
16540
16525
16512
16526
16532
16551
16545
16556
16563
16610
16576
16572
16589
16606
16616
16612
16618
16620
16805
16699
16661
16648
16647
16654
16677
16667
16692
16694
16782
16740
16725
16751
16779
16794
16788
16801
16803
16868
16847
16823
16822
16828
16830
16855
16848
16860
16864
16882
16871
16871
16878
16882
16900
16889
16901
16906
17235
17068
16980
16944
16924
16920
16941
16957
16955
16963
16980
17046
17011
16988
17028
17045
17054
17047
17058
17067
17158
17116
17088
17077
17103
17108
17126
17126
17135
17150
17205
17171
17165
17187
17200
17213
17212
17213
17221
17364
17302
17278
17265
17245
17272
17291
17280
17294
17300
17352
17317
17308
17319
17341
17356
17356
17359
17361
17430
17386
17380
17365
17381
17383
17410
17406
17426
17427
17448
17433
17432
17435
17441
17458
17454
17465
17470
17984
17743
17586
17527
17507
17491
17474
17499
17509
17508
17511
17524
17563
17542
17540
17546
17556
17577
17565
17577
17583
17668
17633
17594
17587
17604
17614
17648
17645
17648
17663
17720
17691
17672
17717
17718
17729
17722
17741
17742
17831
17791
17767
17763
17748
17767
17787
17768
17789
17790
17806
17791
17791
17792
17801
17820
17812
17821
17823
17894
17865
17839
17838
17841
17858
17883
17867
17892
17893
17945
17928
17925
17934
17940
17950
17948
17954
17963
18228
18130
18051
18027
18016
17986
18023
18032
18030
18038
18045
18099
18066
18065
18067
18082
18110
18101
18112
18113
18185
18162
18135
18133
18152
18159
18165
18164
18167
18170
18214
18188
18186
18189
18201
18218
18216
18221
18224
18326
18278
18260
18237
18233
18258
18263
18261
18268
18271
18291
18282
18279
18287
18290
18304
18300
18313
18316
18399
18347
18337
18326
18338
18340
18362
18353
18374
18374
18440
18414
18412
18415
18428
18450
18442
18453
18465
19473
18943
18726
18611
18570
18522
18500
18500
18514
18547
18528
18549
18562
18597
18573
18573
18578
18580
18600
18598
18608
18611
18686
18660
18644
18636
18648
18660
18671
18670
18674
18686
18711
18702
18699
18703
18709
18714
18711
18719
18726
18823
18762
18743
18733
18731
18739
18743
18743
18753
18755
18801
18777
18765
18782
18784
18804
18801
18814
18814
18876
18850
18845
18843
18845
18850
18856
18854
18860
18868
18901
18878
18877
18884
18888
18912
18907
18934
18936
19195
19059
19005
18985
18981
18967
18981
18997
18992
18997
19001
19026
19014
19006
19017
19022
19029
19027
19032
19033
19112
19086
19068
19061
19070
19080
19092
19090
19093
19101
19172
19126
19115
19142
19145
19179
19179
19193
19194
19303
19247
19226
19208
19197
19221
19231
19228
19234
19243
19279
19249
19248
19261
19269
19285
19281
19288
19289
19373
19344
19327
19307
19338
19344
19349
19345
19361
19371
19426
19392
19378
19398
19423
19450
19435
19456
19466
19979
19727
19584
19519
19502
19497
19480
19498
19510
19508
19515
19516
19548
19539
19533
19539
19541
19559
19553
19559
19563
19653
19616
19603
19591
19613
19615
19627
19619
19639
19644
19688
19663
19655
19670
19688
19697
19690
19711
19722
19894
19797
19742
19739
19732
19741
19759
19743
19768
19779
19842
19800
19798
19825
19830
19869
19850
19876
19884
19943
19918
19907
19906
19917
19917
19927
19923
19932
19934
19970
19958
19947
19963
19966
19976
19972
19976
19978
20276
20135
20053
20014
19996
19987
20007
20027
20021
20032
20051
20090
20074
20068
20078
20083
20110
20092
20111
20113
20221
20192
20157
20143
20175
20190
20213
20210
20219
20221
20251
20234
20224
20250
20251
20253
20253
20259
20268
20400
20327
20308
20286
20281
20294
20297
20321
20318
20322
20325
20354
20347
20333
20350
20351
20361
20358
20367
20399
20457
20422
20409
20403
20409
20420
20428
20423
20434
20453
20482
20468
20467
20470
20475
20493
20486
20501
20504
22415
21436
20953
20686
20592
20544
20531
20526
20512
20527
20532
20532
20535
20539
20573
20547
20546
20560
20564
20577
20574
20578
20588
20618
20603
20595
20595
20598
20602
20609
20605
20612
20617
20674
20642
20641
20660
20668
20675
20675
20676
20677
20782
20739
20711
20700
20691
20703
20718
20717
20728
20728
20754
20746
20740
20748
20749
20768
20757
20771
20774
20879
20850
20791
20791
20793
20827
20865
20861
20868
20874
20915
20884
20883
20886
20889
20919
20919
20931
20946
21185
21063
20994
20961
20957
20955
20958
20964
20963
20976
20983
21013
21004
21003
21004
21011
21019
21018
21023
21031
21128
21089
21071
21069
21079
21085
21113
21097
21116
21121
21145
21134
21131
21135
21140
21159
21154
21182
21184
21283
21224
21200
21186
21185
21198
21221
21220
21222
21222
21237
21228
21225
21234
21236
21245
21239
21259
21274
21351
21311
21293
21286
21295
21298
21322
21317
21328
21332
21394
21362
21355
21364
21370
21402
21398
21408
21416
21914
21666
21527
21474
21448
21445
21439
21445
21463
21448
21469
21472
21492
21480
21474
21480
21486
21517
21511
21522
21526
21583
21556
21540
21536
21540
21543
21560
21559
21566
21569
21614
21603
21592
21608
21611
21629
21621
21641
21646
21779
21742
21713
21685
21678
21711
21715
21714
21719
21737
21770
21751
21744
21765
21766
21773
21771
21773
21774
21849
21807
21783
21781
21795
21797
21822
21808
21843
21844
21894
21858
21851
21858
21875
21904
21898
21908
21908
22146
21992
21948
21930
21920
21915
21923
21930
21930
21936
21942
21967
21953
21950
21954
21962
21980
21975
21984
21989
22053
22029
22014
22001
22017
22020
22037
22032
22041
22049
22097
22079
22078
22081
22090
22121
22100
22133
22140
22281
22215
22191
22177
22167
22190
22200
22196
22203
22211
22246
22233
22229
22235
22235
22263
22262
22271
22275
22359
22341
22301
22293
22310
22330
22347
22345
22348
22355
22387
22359
22359
22373
22378
22390
22389
22410
22412
23407
22890
22663
22515
22473
22442
22435
22418
22440
22449
22446
22465
22468
22490
22480
22474
22480
22482
22496
22490
22509
22514
22585
22541
22531
22517
22534
22540
22543
22541
22544
22571
22648
22604
22588
22619
22623
22659
22654
22660
22661
22723
22694
22682
22676
22675
22681
22684
22684
22684
22686
22714
22702
22701
22708
22709
22721
22719
22721
22722
22843
22773
22735
22734
22752
22763
22825
22790
22830
22842
22864
22847
22844
22852
22858
22865
22864
22876
22886
23137
22983
22943
22908
22901
22896
22903
22919
22916
22926
22927
22963
22949
22948
22949
22960
22973
22967
22973
22979
23075
23013
22997
22986
23007
23013
23051
23016
23057
23057
23115
23102
23078
23114
23115
23129
23126
23132
23132
23251
23184
23151
23144
23138
23147
23162
23159
23176
23177
23215
23197
23189
23199
23202
23248
23226
23249
23249
23340
23297
23270
23258
23285
23289
23301
23300
23316
23324
23381
23356
23346
23362
23362
23395
23392
23403
23403
23902
23693
23529
23480
23438
23425
23416
23434
23442
23442
23445
23473
23509
23493
23487
23498
23508
23512
23509
23519
23525
23589
23544
23537
23530
23541
23543
23554
23544
23574
23588
23647
23596
23595
23611
23618
23658
23649
23668
23686
23784
23758
23730
23714
23698
23715
23750
23741
23752
23757
23771
23760
23760
23762
23771
23773
23772
23775
23783
23865
23812
23800
23798
23807
23811
23835
23832
23839
23857
23885
23873
23872
23874
23876
23890
23889
23893
23899
24144
24027
23964
23923
23917
23913
23918
23950
23940
23955
23959
23989
23976
23964
23979
23980
24011
24011
24016
24026
24096
24063
24043
24031
24048
24062
24073
24071
24089
24091
24126
24108
24104
24125
24125
24132
24127
24133
24142
24302
24221
24185
24155
24146
24156
24162
24203
24198
24204
24209
24276
24254
24252
24273
24273
24284
24281
24291
24298
24361
24328
24315
24309
24320
24321
24345
24334
24348
24352
24368
24363
24361
24363
24365
24384
24383
24410
24412
28686
26491
25372
24853
24669
24528
24476
24466
24427
24423
24427
24469
24469
24471
24475
24497
24489
24476
24489
24494
24508
24507
24523
24527
24587
24574
24543
24534
24552
24558
24579
24578
24579
24584
24624
24606
24590
24610
24611
24640
24625
24643
24659
24744
24707
24682
24678
24671
24682
24690
24684
24696
24703
24736
24718
24712
24728
24733
24739
24737
24741
24741
24802
24781
24752
24747
24753
24770
24792
24781
24800
24802
24821
24805
24805
24809
24813
24835
24833
24848
24852
25129
25009
24927
24897
24860
24859
24873
24901
24901
24920
24923
24965
24930
24927
24962
24962
24981
24980
24988
25008
25041
25021
25017
25013
25018
25020
25026
25025
25037
25038
25067
25055
25047
25059
25062
25082
25072
25082
25125
25259
25156
25135
25131
25129
25135
25138
25135
25138
25150
25210
25191
25187
25195
25197
25223
25220
25231
25244
25318
25288
25266
25265
25267
25268
25303
25290
25308
25313
25328
25322
25322
25323
25327
25349
25331
25365
25368
25983
25654
25486
25423
25407
25390
25384
25407
25417
25412
25418
25422
25452
25434
25430
25436
25452
25472
25452
25485
25486
25579
25540
25518
25507
25522
25525
25567
25559
25570
25573
25618
25594
25587
25609
25617
25638
25633
25647
25651
25789
25724
25685
25667
25657
25671
25694
25687
25696
25720
25731
25727
25726
25729
25730
25746
25738
25750
25771
25902
25826
25813
25813
25815
25825
25870
25848
25874
25894
25914
25911
25908
25911
25911
25965
25940
25965
25967
26247
26112
26039
26011
25989
25988
25991
26019
26015
26025
26031
26076
26046
26040
26059
26069
26103
26084
26103
26109
26174
26127
26119
26113
26122
26123
26154
26154
26160
26172
26209
26191
26174
26197
26203
26220
26210
26244
26245
26381
26306
26275
26257
26254
26269
26277
26277
26279
26288
26330
26323
26315
26327
26327
26363
26340
26371
26373
26448
26399
26384
26382
26390
26392
26408
26408
26417
26427
26477
26462
26449
26465
26467
26483
26480
26485
26486
27530
26971
26744
26610
26547
26510
26496
26493
26506
26536
26521
26544
26546
26578
26558
26554
26563
26575
26598
26585
26599
26607
26656
26631
26617
26615
26618
26620
26640
26633
26652
26653
26701
26673
26670
26679
26692
26724
26721
26728
26734
26873
26817
26780
26762
26760
26772
26793
26792
26800
26804
26851
26825
26822
26827
26835
26858
26857
26859
26863
26927
26900
26890
26880
26894
26896
26912
26908
26924
26925
26951
26936
26929
26940
26949
26958
26953
26961
26964
27265
27136
27065
27005
26986
26979
26991
27013
27008
27024
27026
27088
27074
27070
27076
27080
27100
27088
27123
27135
27209
27177
27148
27146
27159
27170
27192
27179
27192
27193
27239
27225
27221
27226
27232
27252
27244
27255
27259
27379
27324
27275
27267
27266
27268
27285
27282
27286
27303
27366
27342
27327
27348
27364
27371
27370
27377
27378
27442
27429
27410
27401
27410
27428
27429
27429
27435
27439
27487
27456
27447
27477
27483
27504
27489
27514
27528
28107
27821
27715
27654
27589
27574
27535
27588
27609
27597
27629
27644
27683
27665
27664
27677
27680
27690
27684
27693
27713
27756
27742
27727
27726
27727
27734
27748
27745
27750
27755
27775
27769
27768
27769
27771
27810
27804
27813
27820
27936
27869
27839
27837
27821
27838
27840
27840
27840
27866
27895
27885
27881
27890
27895
27919
27908
27927
27932
28001
27967
27947
27945
27954
27959
27973
27970
27976
27979
28035
28014
28005
28029
28034
28062
28057
28065
28069
28400
28265
28197
28128
28121
28108
28125
28158
28135
28185
28193
28234
28204
28202
28215
28222
28244
28237
28244
28264
28335
28301
28283
28272
28283
28296
28312
28301
28321
28322
28354
28344
28344
28349
28351
28372
28362
28378
28378
28536
28479
28456
28419
28410
28419
28445
28465
28460
28468
28472
28516
28489
28480
28495
28515
28518
28517
28530
28533
28602
28576
28557
28555
28568
28574
28582
28578
28588
28589
28661
28632
28608
28634
28636
28668
28667
28683
28685
30881
29795
29236
29013
28847
28753
28708
28693
28690
28707
28719
28714
28727
28734
28825
28807
28778
28808
28816
28831
28828
28840
28843
28914
28870
28856
28847
28857
28868
28873
28873
28887
28887
28959
28922
28918
28923
28958
28988
28976
29010
29012
29157
29108
29054
29028
29020
29043
29064
29059
29067
29079
29133
29114
29113
29118
29119
29147
29147
29148
29154
29176
29161
29158
29158
29159
29160
29164
29163
29164
29166
29197
29190
29180
29196
29196
29202
29200
29205
29230
29495
29345
29300
29254
29250
29249
29253
29263
29262
29287
29295
29326
29316
29310
29317
29318
29331
29329
29336
29337
29424
29370
29360
29352
29367
29369
29380
29374
29390
29410
29458
29441
29429
29448
29449
29476
29461
29480
29483
29621
29549
29516
29502
29498
29507
29538
29536
29539
29543
29603
29563
29561
29580
29601
29614
29608
29615
29618
29720
29675
29651
29624
29662
29673
29687
29686
29687
29701
29767
29761
29726
29762
29765
29777
29770
29781
29783
30373
30074
29953
29859
29834
29819
29807
29822
29847
29837
29850
29851
29893
29878
29875
29879
29892
29922
29919
29924
29929
29998
29962
29956
29953
29956
29957
29968
29966
29989
29989
30041
30023
30020
30037
30040
30058
30045
30059
30061
30192
30127
30092
30080
30078
30085
30105
30093
30113
30123
30174
30139
30134
30144
30173
30184
30183
30186
30192
30289
30240
30198
30196
30201
30208
30262
30245
30276
30277
30335
30300
30293
30303
30317
30351
30344
30369
30370
30583
30445
30412
30385
30381
30373
30384
30394
30392
30394
30410
30419
30418
30416
30418
30418
30427
30421
30441
30444
30512
30480
30456
30454
30474
30477
30491
30487
30495
30497
30548
30523
30521
30535
30539
30559
30556
30571
30581
30698
30630
30608
30594
30594
30605
30608
30625
30624
30629
30630
30681
30641
30633
30657
30666
30686
30684
30696
30697
30807
30764
30723
30705
30738
30751
30782
30777
30791
30792
30870
30808
30807
30815
30856
30873
30871
30875
30875
31734
31363
31159
31002
30934
30893
30885
30883
30893
30902
30900
30905
30911
30986
30962
30935
30970
30976
30991
30989
30995
30997
31073
31040
31009
31009
31026
31037
31045
31045
31052
31067
31107
31082
31077
31105
31105
31139
31125
31144
31146
31224
31194
31177
31167
31161
31177
31185
31177
31189
31190
31204
31200
31197
31200
31204
31212
31207
31215
31223
31311
31262
31241
31234
31257
31261
31298
31270
31299
31305
31350
31338
31327
31339
31345
31358
31353
31363
31363
31579
31464
31414
31381
31371
31369
31375
31406
31405
31407
31412
31446
31418
31418
31444
31445
31449
31448
31451
31460
31516
31498
31471
31468
31478
31490
31502
31499
31511
31515
31546
31541
31531
31544
31544
31549
31547
31558
31564
31655
31616
31593
31587
31582
31592
31603
31595
31606
31609
31642
31629
31624
31631
31638
31649
31644
31653
31653
31705
31674
31661
31656
31661
31662
31677
31675
31677
31697
31720
31708
31708
31709
31710
31729
31728
31730
31731
32222
31947
31826
31774
31756
31741
31740
31754
31765
31759
31766
31770
31811
31794
31777
31806
31810
31812
31812
31814
31815
31876
31858
31839
31827
31847
31849
31862
31859
31862
31866
31895
31887
31883
31891
31895
31911
31904
31919
31934
32070
32008
31970
31959
31950
31968
31976
31975
31988
32005
32026
32012
32009
32016
32021
32047
32044
32056
32062
32164
32140
32112
32074
32119
32132
32146
32142
32161
32162
32190
32183
32166
32184
32187
32200
32198
32209
32214
32482
32346
32274
32257
32233
32231
32257
32262
32262
32264
32267
32317
32275
32275
32281
32282
32326
32319
32335
32337
32405
32400
32385
32375
32395
32400
32401
32401
32402
32403
32451
32418
32412
32443
32443
32456
32454
32464
32470
32613
32544
32528
32496
32495
32518
32519
32535
32534
32539
32544
32596
32556
32549
32585
32587
32598
32597
32605
32606
32683
32636
32619
32613
32621
32633
32665
32652
32673
32675
32716
32701
32700
32707
32713
32749
32718
32758
32761
