2500
18
20
22
31
45
47
61
78
84
101
103
104
106
120
123
124
171
173
177
209
214
282
285
290
291
324
333
357
359
375
377
405
450
487
496
501
509
521
526
531
544
556
559
563
575
592
606
617
623
625
645
672
689
701
707
741
771
782
795
812
825
839
854
879
893
904
904
913
924
939
979
994
1002
1047
1060
1060
1073
1108
1111
1141
1165
1174
1184
1193
1205
1211
1235
1257
1257
1273
1290
1315
1347
1356
1362
1408
1409
1452
1452
1454
1458
1482
1558
1598
1614
1621
1623
1643
1653
1661
1661
1688
1697
1704
1757
1761
1784
1805
1813
1819
1820
1853
1871
1873
1880
1885
1896
1913
1913
1932
1946
1951
1958
1973
1975
1992
1997
2007
2098
2112
2135
2154
2163
2184
2201
2218
2229
2270
2275
2295
2345
2361
2367
2375
2384
2392
2394
2400
2401
2401
2406
2413
2419
2436
2445
2452
2476
2480
2482
2508
2511
2517
2522
2529
2555
2570
2579
2579
2592
2634
2639
2648
2686
2693
2716
2735
2735
2745
2745
2756
2774
2777
2778
2781
2782
2814
2837
2883
2904
2904
2904
2906
2928
2955
2960
2986
3009
3015
3028
3042
3047
3051
3062
3063
3085
3093
3094
3096
3101
3157
3173
3178
3189
3192
3200
3206
3219
3227
3228
3249
3249
3278
3283
3307
3321
3329
3343
3350
3352
3376
3394
3423
3427
3427
3440
3444
3462
3469
3474
3485
3491
3512
3524
3536
3538
3544
3555
3563
3566
3591
3598
3607
3613
3655
3672
3684
3723
3737
3766
3783
3786
3854
3856
3857
3863
3894
3898
3924
3937
3949
3950
3972
3976
3989
4004
4011
4028
4030
4037
4037
4039
4043
4049
4064
4100
4107
4110
4147
4152
4172
4175
4175
4180
4181
4187
4242
4256
4266
4282
4293
4304
4305
4310
4311
4314
4333
4339
4345
4351
4359
4397
4405
4433
4435
4464
4481
4494
4535
4537
4542
4565
4574
4582
4593
4605
4606
4659
4662
4681
4682
4689
4707
4725
4729
4736
4755
4771
4789
4796
4805
4806
4807
4822
4845
4849
4925
4934
4937
4940
4942
4958
4963
4989
4993
5010
5020
5037
5038
5041
5049
5053
5065
5079
5088
5090
5094
5113
5147
5161
5162
5179
5182
5182
5192
5226
5247
5259
5260
5289
5291
5299
5306
5316
5337
5338
5382
5392
5412
5417
5418
5453
5486
5495
5501
5515
5517
5525
5531
5604
5608
5612
5632
5638
5661
5667
5669
5672
5676
5693
5716
5759
5764
5785
5811
5818
5830
5841
5848
5848
5876
5878
5880
5883
5891
5910
5921
5925
5964
5983
5999
6003
6014
6019
6022
6032
6041
6056
6070
6075
6082
6087
6118
6139
6162
6164
6194
6204
6209
6214
6218
6221
6243
6246
6258
6268
6271
6278
6283
6286
6287
6296
6302
6305
6324
6325
6347
6354
6433
6436
6445
6445
6455
6480
6509
6511
6527
6537
6550
6554
6562
6578
6586
6586
6591
6596
6604
6619
6622
6635
6642
6673
6676
6688
6712
6719
6721
6750
6772
6773
6794
6801
6816
6831
6849
6878
6880
6885
6892
6909
6929
6947
6950
6955
6972
6976
7002
7004
7023
7059
7082
7092
7100
7119
7127
7140
7141
7156
7162
7209
7222
7224
7230
7232
7236
7240
7244
7277
7281
7286
7287
7290
7307
7312
7333
7348
7387
7398
7398
7409
7410
7427
7435
7436
7437
7461
7473
7483
7513
7532
7551
7557
7566
7577
7578
7587
7610
7613
7629
7642
7692
7713
7735
7741
7742
7746
7751
7763
7782
7790
7807
7828
7834
7846
7853
7861
7867
7874
7878
7880
7918
7922
7923
7934
7935
7955
7955
7978
7991
7999
8007
8013
8062
8070
8130
8136
8142
8157
8163
8165
8170
8172
8207
8208
8212
8219
8227
8232
8238
8239
8268
8278
8304
8306
8325
8343
8344
8369
8428
8443
8445
8496
8497
8504
8508
8510
8543
8543
8545
8556
8562
8596
8599
8631
8653
8662
8666
8672
8695
8715
8749
8778
8782
8800
8806
8809
8827
8857
8858
8862
8879
8912
8914
8917
8921
8932
8939
8953
8997
8997
8998
9001
9026
9055
9104
9134
9154
9190
9199
9199
9217
9227
9315
9335
9341
9344
9344
9380
9393
9406
9407
9411
9414
9445
9454
9475
9485
9486
9508
9542
9558
9594
9600
9606
9619
9623
9629
9641
9650
9663
9688
9699
9713
9717
9751
9800
9801
9812
9818
9832
9839
9855
9856
9866
9868
9869
9878
9883
9914
9933
9953
9954
9960
9984
9986
9988
9995
10020
10036
10058
10067
10128
10132
10135
10137
10153
10162
10179
10187
10192
10192
10200
10221
10242
10243
10244
10245
10302
10302
10328
10348
10352
10357
10364
10387
10392
10399
10404
10420
10423
10433
10438
10446
10446
10454
10470
10471
10499
10502
10504
10510
10514
10522
10523
10524
10539
10560
10562
10563
10575
10581
10585
10591
10591
10592
10597
10601
10603
10609
10623
10636
10700
10732
10748
10774
10788
10794
10808
10819
10827
10830
10858
10920
10935
10941
10963
10971
11022
11028
11031
11050
11076
11076
11103
11104
11123
11133
11136
11140
11187
11199
11213
11215
11235
11275
11278
11278
11292
11304
11304
11305
11347
11351
11353
11353
11362
11364
11391
11396
11410
11413
11426
11427
11428
11437
11454
11455
11513
11527
11527
11581
11585
11596
11617
11621
11633
11633
11675
11697
11725
11756
11777
11790
11816
11827
11905
11920
11931
11935
11941
11949
11958
12027
12032
12035
12045
12047
12049
12061
12085
12096
12098
12112
12135
12141
12143
12181
12192
12202
12221
12237
12245
12249
12250
12259
12262
12300
12313
12327
12328
12331
12393
12397
12426
12431
12461
12463
12469
12504
12507
12510
12516
12529
12550
12560
12564
12568
12573
12575
12593
12627
12636
12637
12639
12658
12710
12717
12722
12729
12734
12755
12784
12798
12799
12830
12864
12880
12901
12904
12909
12917
12938
12946
12972
12975
12977
12990
12994
13012
13016
13036
13041
13041
13044
13074
13075
13082
13086
13092
13098
13104
13115
13123
13127
13130
13135
13135
13160
13173
13242
13294
13298
13324
13350
13359
13387
13411
13432
13433
13446
13461
13472
13475
13476
13481
13486
13495
13505
13535
13590
13598
13638
13646
13659
13685
13697
13703
13736
13751
13757
13795
13797
13810
13829
13859
13886
13920
13936
13937
13947
13980
13987
13996
14000
14021
14042
14070
14076
14081
14095
14112
14127
14136
14138
14143
14157
14167
14168
14186
14190
14204
14271
14317
14321
14344
14357
14360
14364
14401
14412
14417
14426
14439
14452
14453
14453
14489
14503
14506
14509
14515
14521
14543
14583
14589
14592
14594
14600
14604
14614
14615
14629
14631
14642
14656
14656
14672
14680
14711
14716
14723
14752
14773
14782
14806
14839
14847
14847
14847
14882
14899
14905
14908
14925
14930
14935
14950
14965
14987
14997
14999
15032
15032
15041
15045
15049
15059
15070
15082
15096
15137
15144
15164
15169
15187
15208
15223
15228
15242
15242
15243
15251
15253
15253
15256
15263
15266
15270
15306
15339
15342
15342
15345
15351
15357
15360
15403
15426
15448
15482
15488
15513
15515
15534
15544
15558
15564
15565
15594
15597
15602
15607
15662
15664
15671
15676
15693
15703
15707
15721
15758
15759
15766
15779
15784
15787
15790
15809
15824
15836
15840
15843
15855
15858
15860
15872
15873
15881
15947
15950
15955
15956
15957
15960
15977
15980
15981
15988
15991
15992
16042
16065
16076
16084
16093
16106
16140
16149
16153
16165
16168
16176
16177
16177
16180
16189
16194
16198
16199
16221
16240
16246
16257
16257
16257
16276
16285
16319
16371
16378
16384
16414
16440
16441
16458
16460
16509
16518
16564
16582
16585
16607
16617
16637
16642
16643
16645
16655
16683
16686
16697
16699
16710
16723
16724
16729
16737
16742
16747
16766
16772
16795
16843
16844
16852
16871
16871
16871
16900
16900
16907
16908
16926
16950
16963
16967
16978
16988
16999
17001
17028
17048
17053
17055
17060
17064
17084
17088
17098
17115
17146
17150
17173
17176
17181
17186
17206
17232
17265
17281
17293
17305
17333
17347
17352
17356
17365
17370
17421
17425
17425
17454
17534
17612
17633
17635
17638
17643
17650
17651
17668
17692
17703
17706
17707
17708
17720
17728
17740
17742
17744
17764
17766
17782
17782
17795
17820
17851
17867
17869
17874
17912
17922
17937
17940
17957
17962
17981
18023
18028
18029
18045
18046
18066
18073
18106
18109
18109
18115
18119
18130
18136
18145
18147
18177
18202
18206
18207
18217
18227
18232
18248
18270
18274
18281
18284
18296
18297
18309
18313
18326
18330
18333
18361
18362
18368
18368
18386
18408
18413
18417
18417
18428
18446
18454
18455
18471
18520
18536
18539
18555
18566
18592
18599
18603
18612
18622
18626
18631
18635
18642
18672
18686
18689
18711
18727
18728
18734
18740
18772
18788
18802
18804
18833
18837
18847
18847
18855
18858
18862
18863
18872
18901
18907
18922
18928
18943
18945
18949
19028
19039
19042
19043
19061
19089
19095
19117
19126
19145
19191
19195
19203
19216
19234
19242
19245
19247
19250
19281
19283
19290
19315
19320
19328
19336
19345
19345
19346
19357
19360
19377
19386
19401
19420
19426
19427
19449
19521
19531
19538
19561
19593
19607
19613
19644
19654
19682
19691
19726
19737
19778
19782
19782
19786
19805
19814
19834
19836
19837
19842
19850
19866
19868
19907
19910
19933
19965
19973
20003
20015
20016
20029
20036
20056
20070
20112
20147
20155
20176
20195
20198
20209
20225
20239
20255
20268
20274
20278
20283
20284
20300
20312
20332
20332
20347
20349
20354
20363
20363
20364
20373
20423
20442
20452
20457
20465
20470
20476
20493
20496
20505
20510
20521
20545
20566
20570
20577
20592
20594
20646
20675
20678
20690
20695
20695
20695
20708
20724
20759
20765
20775
20780
20792
20813
20825
20849
20857
20874
20891
20896
20906
20915
20917
20941
20941
20990
21039
21040
21043
21046
21055
21058
21068
21068
21069
21077
21078
21097
21100
21104
21114
21114
21123
21124
21137
21143
21149
21155
21160
21171
21176
21183
21203
21204
21213
21246
21248
21252
21255
21256
21268
21270
21276
21283
21302
21303
21304
21305
21313
21322
21323
21329
21348
21381
21384
21389
21393
21394
21414
21419
21420
21420
21439
21448
21457
21501
21517
21526
21537
21562
21590
21611
21612
21618
21624
21625
21629
21638
21640
21651
21653
21709
21717
21726
21751
21755
21762
21785
21791
21791
21795
21821
21839
21842
21845
21911
21931
21938
21938
21946
21984
21984
22006
22015
22030
22067
22073
22098
22104
22106
22112
22129
22139
22141
22192
22195
22257
22291
22294
22325
22370
22407
22429
22438
22443
22459
22483
22494
22510
22515
22523
22530
22530
22569
22569
22602
22611
22623
22650
22657
22664
22701
22701
22705
22713
22722
22735
22787
22789
22801
22839
22853
22870
22876
22896
22899
22906
22923
22928
22956
22973
22990
23002
23004
23026
23031
23048
23061
23087
23096
23108
23124
23131
23145
23165
23175
23176
23198
23205
23206
23209
23228
23229
23272
23320
23341
23347
23349
23360
23364
23370
23384
23389
23391
23394
23402
23449
23459
23462
23493
23507
23515
23522
23560
23602
23610
23629
23635
23638
23658
23673
23687
23699
23710
23712
23725
23733
23737
23742
23753
23772
23777
23793
23798
23832
23832
23833
23835
23846
23849
23907
23933
23947
23947
23964
23995
24002
24003
24014
24025
24036
24041
24042
24076
24077
24079
24091
24095
24096
24102
24138
24157
24165
24168
24172
24188
24202
24212
24229
24236
24242
24261
24312
24333
24341
24353
24355
24358
24361
24393
24404
24415
24418
24423
24429
24435
24439
24458
24477
24477
24485
24521
24534
24539
24542
24544
24548
24558
24572
24578
24596
24599
24603
24619
24624
24642
24655
24659
24664
24667
24670
24677
24705
24733
24734
24737
24745
24756
24757
24772
24794
24811
24811
24825
24829
24829
24832
24866
24870
24870
24894
24902
24904
24941
24970
25008
25014
25018
25038
25043
25043
25055
25060
25073
25087
25100
25123
25162
25170
25196
25227
25235
25263
25267
25273
25282
25288
25296
25296
25312
25325
25332
25339
25347
25365
25367
25369
25375
25382
25383
25415
25428
25429
25436
25460
25503
25542
25543
25557
25566
25585
25586
25595
25622
25625
25635
25646
25652
25670
25678
25678
25681
25692
25698
25721
25769
25782
25786
25800
25804
25811
25820
25824
25838
25845
25847
25861
25864
25873
25883
25898
25942
25947
25954
25963
25980
26039
26045
26066
26071
26088
26106
26165
26173
26176
26184
26186
26194
26199
26202
26210
26210
26216
26226
26306
26308
26317
26324
26331
26337
26338
26343
26368
26371
26376
26381
26391
26440
26448
26466
26471
26479
26489
26504
26550
26550
26569
26599
26611
26639
26649
26662
26692
26714
26726
26734
26740
26743
26750
26754
26772
26806
26813
26832
26848
26865
26875
26886
26894
26903
26943
26954
26956
26975
27026
27029
27071
27083
27084
27086
27123
27145
27151
27172
27199
27200
27233
27240
27244
27246
27270
27290
27296
27300
27303
27336
27336
27350
27367
27424
27436
27445
27477
27494
27541
27553
27569
27604
27604
27619
27691
27698
27714
27718
27725
27734
27736
27768
27789
27797
27803
27823
27831
27832
27843
27882
27901
27928
27938
27972
28002
28006
28020
28023
28030
28039
28123
28132
28135
28147
28180
28207
28228
28245
28246
28254
28254
28256
28261
28277
28305
28311
28313
28337
28338
28343
28346
28347
28352
28356
28364
28380
28386
28408
28418
28433
28441
28446
28451
28453
28473
28478
28499
28500
28508
28517
28545
28547
28548
28555
28566
28573
28575
28577
28580
28590
28593
28605
28606
28624
28634
28685
28710
28711
28720
28737
28757
28757
28765
28767
28820
28833
28835
28867
28884
28890
28897
28906
28915
28920
28926
28935
28944
28950
28951
28951
28959
28966
28984
28986
28989
29002
29003
29006
29033
29044
29052
29090
29112
29138
29164
29169
29193
29193
29197
29217
29223
29224
29244
29273
29289
29303
29315
29317
29337
29343
29373
29385
29398
29414
29422
29437
29447
29481
29489
29490
29500
29502
29507
29526
29537
29543
29558
29563
29614
29616
29630
29634
29644
29660
29661
29674
29675
29679
29695
29725
29740
29771
29780
29787
29801
29817
29830
29831
29835
29864
29873
29874
29881
29885
29913
29936
29943
29968
30004
30007
30015
30021
30033
30037
30056
30065
30075
30084
30090
30106
30108
30118
30125
30136
30136
30178
30178
30187
30191
30212
30216
30232
30233
30241
30254
30258
30265
30268
30283
30348
30378
30393
30436
30437
30440
30442
30448
30458
30463
30479
30495
30508
30537
30543
30565
30585
30589
30595
30605
30607
30618
30620
30621
30633
30651
30653
30656
30712
30716
30725
30731
30754
30755
30780
30788
30794
30807
30812
30829
30854
30864
30867
30876
30884
30885
30922
30937
30937
30938
30944
30983
30987
30990
31008
31011
31018
31022
31023
31030
31032
31035
31038
31046
31051
31059
31063
31071
31102
31126
31132
31136
31144
31149
31153
31154
31172
31198
31206
31242
31243
31243
31252
31254
31255
31258
31290
31308
31349
31355
31363
31380
31387
31411
31415
31419
31436
31444
31450
31455
31458
31468
31485
31489
31497
31498
31507
31523
31530
31567
31594
31595
31603
31604
31606
31615
31626
31640
31660
31664
31681
31689
31692
31709
31718
31737
31757
31764
31769
31788
31795
31797
31810
31831
31833
31847
31876
31888
31913
31917
31939
31948
31952
31975
31984
31991
31995
32004
32008
32021
32057
32060
32070
32077
32100
32135
32160
32167
32207
32212
32223
32233
32242
32258
32267
32290
32300
32317
32329
32381
32386
32412
32427
32435
32446
32449
32457
32479
32490
32492
32501
32512
32514
32532
32547
32579
32597
32609
32625
32625
32630
32648
32648
32664
32710
32732
