2500
3028
3591
11931
18631
29244
2781
19242
20521
556
12560
32207
21183
3093
14999
22195
9699
15992
20545
32381
9839
15960
4180
12904
5247
9199
26740
18073
23673
12192
18119
8879
29003
19245
26199
27803
7156
11050
15032
21938
25670
9393
16106
15872
30442
2904
11136
8672
11428
11104
22530
1482
5848
13359
19345
21611
13646
9984
16585
25339
14642
7642
8428
4043
31071
32446
14908
12061
31709
28453
13736
14905
14503
7082
4011
29885
31154
10243
6258
31797
31788
23349
16189
30187
14081
23560
11527
20225
27300
4537
29289
17084
24076
31984
19644
6947
27901
7409
18046
24521
19336
13590
14070
26343
8917
1661
25883
31917
27424
20990
20915
5338
9986
13920
27832
14987
25586
16076
14847
12880
9227
13697
10524
645
5392
3786
9344
21984
14509
45
7140
27718
25087
6118
3563
3555
11351
26772
21762
13433
20283
7473
15243
24312
29614
2375
6972
17232
28338
2401
3009
21123
1290
18368
25769
17150
7236
14672
5759
5417
31991
26331
7991
17981
2634
22139
7629
9558
4789
10581
18728
32457
7692
16772
20036
4535
23737
1108
22928
994
7240
3249
20373
18368
25898
25055
30937
10446
9650
1643
9475
29223
3684
29537
2367
25429
879
21439
24036
26471
18296
5162
32597
16963
17305
6880
5669
10302
4266
15342
2686
29674
9663
15779
18115
28207
20465
324
3444
23710
22370
9217
26194
18945
30075
11304
26308
15671
120
5785
22906
21055
28711
22650
2384
27026
8172
10539
13173
25014
29193
10364
25804
3856
14364
13598
18066
26106
1257
1880
7746
2837
19290
25595
1205
15840
28356
31640
6286
20874
10348
18928
12245
10245
26186
2476
19682
25436
1805
4175
23165
16710
5983
9832
29507
21755
29801
12300
14412
4934
30618
14723
31498
25820
4004
15426
15988
13036
27336
12313
21348
8695
5716
15534
5182
28386
14186
7978
979
8778
16642
6194
21381
3607
19250
30233
5291
18772
28590
3924
6455
7742
20363
16686
18326
7834
9800
18109
26071
21068
3598
31764
8208
13350
22839
25018
19965
28926
9486
29787
15339
7427
2517
11454
31444
21329
3085
15351
31692
29634
13041
22494
31387
29447
26692
11199
31660
28920
1356
16723
24870
2345
12575
30191
23384
4542
29725
20476
14426
15488
9406
18599
22257
20016
4494
24025
16564
24603
3189
106
12141
24558
15164
12946
450
16844
20813
27296
25365
6302
5818
3566
10920
2218
24705
6164
13829
18536
24079
16988
17053
9104
24578
16246
2735
13432
31795
24429
10603
18333
13044
12250
2648
7551
31126
27736
26611
32435
20015
21303
7577
22067
14489
12917
20646
17912
23742
16617
13535
27083
531
6082
28685
15448
13411
24624
24811
21124
25038
2401
19778
24832
6673
6831
15187
16414
21256
30232
31349
25060
22129
7918
7935
28256
15602
22735
30056
31290
6750
13016
12461
2960
16180
21270
22515
24829
13160
5693
14190
12027
20070
22429
22657
18284
4181
30033
17703
24435
8344
25786
6801
26504
5531
27436
12049
10700
27084
20198
20278
8857
16871
5192
22073
18270
26743
6976
9623
12202
8858
12550
16384
21638
16900
27145
2928
23048
6214
22569
32412
5925
12112
28966
15759
20423
27445
14680
27029
21791
31023
1697
10328
61
12259
28577
9801
15070
17638
15144
6209
2693
31615
25585
104
20941
12463
1165
14935
15357
26734
16285
4729
1757
16440
30788
27831
7880
27336
28380
15956
16643
6436
5608
24341
6221
29913
13130
30118
1975
3976
8631
825
6070
27553
18023
21104
14711
623
3857
19837
21618
27477
3094
32648
21058
2135
31485
17744
7348
23515
21791
28950
16926
27569
13987
26039
13298
21842
12717
27928
21394
30565
25043
19910
16742
21640
21457
25566
8749
4940
5501
16683
20112
16257
509
6287
8445
12469
7735
30884
21938
14839
6537
6562
12568
1761
18106
17028
24659
18901
8497
2406
18455
8070
12901
29490
13757
19386
27541
13947
9878
13135
18361
9641
6527
14204
18872
1111
7861
22106
10971
19449
6635
13475
19842
9154
27290
29881
18454
4037
28313
32490
7230
7002
4845
7922
28246
707
26338
6849
20765
8207
25947
9855
31149
7999
26726
22990
28593
15784
31507
2639
3538
6296
32135
12135
26226
20284
20300
13123
24733
31681
29675
21785
8508
18362
26045
177
5260
8130
2814
16165
11215
19042
291
9445
9026
26165
12909
24829
25678
4937
27071
20891
22530
19401
22701
16843
15809
12249
17365
13446
23096
18626
18802
24811
4755
1871
30254
17356
18417
375
7224
27244
1813
13115
8343
23175
24670
18130
12990
15251
31737
10244
8800
9542
15957
26324
18309
14168
4311
11617
12510
24202
8912
19726
3157
27367
13996
9953
32233
23370
20332
29481
22713
544
21078
11364
28254
26479
28906
8543
26750
3096
28441
29343
24734
29273
6578
32512
10808
3989
285
924
782
2904
19531
29422
7613
28566
14317
18232
14997
11827
5604
21537
17064
8136
24825
23459
6433
24485
14543
27172
5848
10514
23061
15843
25635
6619
26368
15766
9454
32267
5113
16978
11022
2295
3219
14506
8914
8062
9407
23835
28123
6032
10819
6056
8238
4333
27240
15041
21384
19247
16371
10601
17650
7435
15703
10392
28820
28884
18217
24542
8142
27200
13012
19786
7557
6511
15758
12426
1211
24361
28555
12627
23907
26216
16240
17668
31603
22294
2570
6022
21562
9751
12864
31606
15860
9866
32070
9606
19868
16460
32532
14112
18177
28606
11031
23629
21276
29385
23846
214
28833
18207
28343
24745
21204
24003
11347
30589
8862
10187
16199
5049
21984
24677
24477
4242
4359
14360
25162
31604
18145
17740
30633
10404
2735
24077
11816
31523
18555
16140
3394
25557
22443
9190
23725
23522
7127
13481
27604
24157
10200
27797
28039
9508
5921
24095
15345
11527
4435
30780
6347
17708
11275
12507
15824
11697
7934
14515
20849
2452
32329
7232
5065
10192
28418
30216
22483
26569
2579
5667
7387
15594
24904
17146
23602
5517
23206
30543
24358
10523
22015
16766
12593
29044
20675
10242
625
21393
31769
14138
3672
15208
31022
7277
23205
12047
12237
29197
25235
7461
29489
8504
592
27246
26903
31876
14000
701
26391
30716
1315
28951
14899
8806
8165
17173
3249
17352
6772
15242
24102
17706
16967
6246
16852
17820
28605
28634
22325
123
25428
26813
12504
26865
795
21039
7532
7867
3178
24188
1819
8239
3536
1347
23833
23933
15693
20695
15228
4405
32449
6885
17742
521
11941
31831
25824
4565
1273
29817
26210
15836
9341
2906
8369
29780
10788
29558
8304
25382
20678
28305
2394
9199
32021
31206
8662
26954
17874
1409
15564
4433
19521
15082
30136
16737
30938
5891
29437
28446
28737
23347
8827
31415
21624
6596
9315
15980
9812
24970
22602
14157
23341
19654
16509
11076
31450
30537
12181
28757
23004
8157
29771
14629
17370
30944
30605
2745
10830
27698
209
16257
11133
22098
5289
15253
1452
31939
8599
13886
19089
17333
28451
15544
26376
26337
812
21046
21255
14773
29052
20775
32212
12977
18847
29112
19061
17937
5876
6554
12393
21420
9988
22789
21653
11292
2579
14589
11905
28959
501
16084
3524
21821
21283
18672
5053
32427
11278
10446
30084
4464
5811
7751
6688
9414
10352
6162
26875
10179
25622
23947
23699
31032
575
1458
11633
14042
5090
24439
10591
1951
13092
12085
2774
25963
13937
25980
25782
10732
6604
13075
30265
25282
4707
7741
31530
12516
103
32060
19538
14143
13082
31252
25652
23712
13098
913
7162
25811
1853
20363
13486
9485
9933
21097
173
22407
3894
20452
16729
21100
12045
26894
3343
9717
7092
19346
20825
26066
17707
26173
17764
8653
7209
18109
24756
20906
24172
1193
10774
14417
32077
24002
29398
559
21143
26489
21043
8921
6041
31153
29968
13810
21114
14021
5612
26448
11725
21709
12564
9818
28261
3101
18711
10420
31595
20239
20347
31
11437
12035
1454
18330
21305
4771
27199
11213
12331
8556
1614
21160
19907
2154
12098
26184
28347
31810
4282
18202
2007
7286
4805
10562
30653
7141
28757
8510
28935
21137
4593
25542
19095
7333
171
15607
10794
10935
1362
689
15664
10058
18408
1598
29660
21911
854
18740
29303
3469
8543
31132
11513
14614
21203
31059
24794
13980
30725
29873
24870
17612
28030
19561
26832
23449
4339
22192
26440
5764
4725
15266
31567
5147
26088
28897
4107
28352
26806
6271
20566
12972
4037
18206
25692
30004
12710
30037
11621
29002
16655
8278
29679
19782
2955
24014
15360
28135
20592
26381
13242
31380
17425
24423
28720
30440
21302
23002
27768
5486
15049
25073
32514
10153
18386
3047
14631
20312
21414
20496
25861
21751
20570
13685
5515
18313
31102
4030
31952
18837
32008
21590
31913
12143
12431
19145
9594
21176
9914
7281
5964
16168
14583
1873
31008
7307
22896
14401
31363
31242
16699
4172
4963
24236
20176
22870
30241
17181
10433
11777
26599
22701
30885
6354
29500
16795
21077
11920
10454
7828
7004
10221
25263
5495
1704
15977
15707
13659
30854
20594
15256
23507
26317
4304
18471
32625
2392
17728
2522
904
28346
22623
15855
31030
18734
17098
3228
29090
1997
3972
3051
17795
4100
32664
25800
30178
11076
4351
20056
2592
31995
27843
21389
3898
5316
101
5880
7244
28890
18045
2270
84
1235
672
17293
32057
6283
29830
496
13324
4958
18028
25698
9869
1946
15032
30656
29169
4659
23772
12994
9954
25273
14716
23947
25288
32648
25043
6014
3655
6719
15955
28500
25864
2163
29835
16747
10941
13476
25678
20577
12639
7023
18
19426
5306
10502
1174
14782
20268
2782
21448
30015
2986
18855
30437
14521
22787
16257
3042
25954
8809
15981
8715
32100
4397
31489
18922
1073
15306
3937
23658
14615
17957
10858
15676
24596
22291
16176
7290
3307
1820
18603
31626
9335
11391
30125
31046
2112
10357
20759
10585
8268
6586
14925
31468
14136
6218
16871
29315
23687
24168
16042
15137
16697
741
11958
21171
17055
10399
14592
21931
5999
18248
25347
11756
21268
29033
20147
10470
13127
15270
5299
14594
27619
10563
3783
26176
25845
16871
9868
12830
7955
13472
31847
29373
12784
11304
31419
26943
6445
14439
10591
6003
17265
28984
21839
6324
6075
13936
24737
526
25847
12573
20155
3491
28624
31243
24772
5453
4806
2445
22104
8325
9344
21625
9856
2436
6243
14965
17633
32167
3427
10609
18227
23832
16153
6773
32501
15787
3350
19357
23391
5382
3192
23394
10137
19973
22459
10522
31018
19805
4305
7874
25267
10623
18804
18428
16093
6591
17851
23124
10128
24757
19691
4807
28006
13795
31888
3206
9055
29337
20941
29943
4822
1558
23793
16637
11187
29936
21322
18297
17635
26550
29502
25873
16645
3283
28311
3376
27494
20917
20255
27725
8496
14127
2413
32625
6878
17692
12798
17651
27123
24902
2184
27270
32492
3462
19850
7287
19315
20780
5672
23087
21717
20896
4662
29695
19126
24138
30867
5661
30212
29616
3512
1257
5161
31198
30864
28277
29317
16907
22923
30021
24091
1913
22510
22611
15242
30621
6509
23638
23360
1408
22523
23108
24042
3173
2529
5910
15662
1452
20493
18635
19613
22006
7853
27823
18147
30090
21501
21213
15169
30712
12637
771
28478
14076
27303
24165
2201
9380
16319
8997
4993
2229
21612
13505
14600
11596
14950
19933
14806
16065
25008
32579
282
25296
25383
8232
25543
19195
22876
5041
24572
17962
15263
1973
28867
5525
28508
4293
18943
2275
939
18281
4256
9619
19234
19117
25369
23964
18413
19420
17940
6480
7713
1932
18788
6278
78
20442
31035
28408
19028
3063
28573
8170
15991
20708
6676
7437
6325
30585
1958
11426
27734
21420
21252
31458
32710
28944
32004
23198
6816
30876
19281
31011
31243
9134
32609
2400
24393
24655
31144
10827
27789
2745
7436
3200
17421
24599
1688
6955
7513
3723
28020
11305
17643
1653
16149
31594
14847
28915
19377
30106
24229
28580
5878
5632
28180
2482
8443
23462
11585
27151
15223
6586
2480
21246
16177
10036
6794
27350
13751
12729
14321
17922
19283
14271
7312
21069
7483
28147
17782
1885
14344
5079
1060
124
23145
31664
30436
25503
20505
18847
23389
14752
30990
11790
28517
7119
20724
8013
21526
23209
2777
22141
10020
487
5418
5038
18029
23995
6622
27972
29138
25942
20209
11935
16198
11949
11028
2555
5412
20349
21155
8596
7878
20364
20695
11278
28499
4147
28989
14357
18136
19737
19814
21313
11675
6721
25312
6204
22956
839
17766
26662
4796
12262
16724
21304
2098
12734
606
29864
19836
24404
4736
17869
28835
24667
17720
11396
24355
20274
25332
18642
3321
5037
10438
17867
4605
23320
28767
12722
12658
20857
5179
8545
32732
22
25625
8939
6929
30007
15790
17281
10387
6445
7578
11410
3613
21651
15515
7222
6268
27604
3329
15565
1184
13294
11362
8163
7923
1141
7566
24664
27882
2778
24261
12221
5337
25325
12328
21248
30731
6305
7790
21068
13074
30479
9688
24619
30812
18622
359
15342
30983
27938
31308
4942
20470
26466
19360
10067
8997
19039
28245
14453
28473
9713
24941
32258
12636
22899
17001
11455
25415
28547
18949
20690
32160
26371
290
32479
29831
3427
16900
8306
25196
20003
22973
24477
21795
7059
24041
30178
28986
21726
2716
25170
24458
19782
15513
19191
14604
22705
23493
3440
25838
357
18907
17115
7398
19216
10592
15096
3015
9995
4314
12938
14930
32223
32317
18689
15950
29193
7846
31063
24539
16378
15947
6712
10499
24418
29874
10597
5010
18862
24866
26202
18727
2511
2904
47
10636
31038
15482
23228
2883
20029
25681
12032
27233
24415
24242
2756
31136
16458
11581
29563
18863
7100
31051
12397
31436
28364
29217
20
11413
2419
23402
15558
8219
30794
24548
13461
16441
15253
31833
14452
1060
28545
5841
9883
24642
18858
5638
29740
14656
4064
3352
31254
3423
27691
20354
2361
18446
16908
333
2508
29630
26886
30595
10748
15858
28765
31975
24534
405
20510
20195
16999
19345
11103
26306
32290
3485
1992
25375
26754
29526
7763
9629
30448
3474
10575
30937
7398
18417
21419
21149
21845
23733
11633
1623
23364
15059
18833
31689
21946
4681
26848
15873
31455
31411
22112
30348
28254
26649
22722
10471
24333
25100
23849
16950
10192
12529
16177
20792
30651
30108
21040
31355
17782
24353
4028
31948
4582
29414
3949
23026
15881
6909
11235
30620
30754
28337
30987
19607
1047
26975
28575
28228
25367
904
29164
4682
7807
25123
3544
22664
14847
4152
8227
29006
4345
30378
15597
29644
9001
1621
377
30922
5259
18520
13104
19866
25721
18612
20457
21323
8212
3863
29543
24096
5094
6642
13859
10560
16582
4049
26956
12975
6139
6892
21517
4989
17060
8953
22030
10302
30807
22853
4925
7610
10504
19203
3278
13797
32300
28132
19328
22801
30495
23272
32547
18274
9411
11123
14167
32386
18539
11427
6550
10135
23031
23777
14453
8562
14656
26550
28710
31497
3766
5088
27714
29224
8007
22438
15045
19043
6019
1896
4187
4175
4606
21114
8666
7410
23798
563
14095
28023
17206
12096
23229
8998
23610
24894
19427
16276
10132
19593
5182
28951
30607
8782
26639
893
28433
9960
13086
18686
5830
617
30463
3950
19834
32630
24212
30136
6087
11353
10963
13703
4849
4689
23753
13638
3854
30508
16607
30283
5226
23832
16221
13135
22569
13495
5676
17186
25646
30065
24544
5020
30268
4110
3062
20695
23131
28548
11353
3227
17534
31757
15403
31258
28002
21629
17347
4574
30393
12755
32242
12799
23176
10510
25227
3737
27086
16194
14882
1661
7782
1002
7955
12327
17454
9600
4039
13041
15721
13387
30258
16518
26210
1913
18592
17048
23635
30829
10162
4310
11140
26714
7587
17176
10423
17425
25296
29661
31172
31255
19320
1784
4481
5883
17088
18566
8932
31718
30458
30755
20332
25460
6950
