10000
5
6
6
13
13
13
16
20
22
33
35
43
44
63
64
69
69
71
77
80
80
89
102
103
111
114
117
126
128
133
136
137
137
141
143
147
148
151
161
161
163
164
168
176
179
179
180
180
182
186
190
192
192
194
197
197
198
199
201
201
203
204
209
223
227
228
230
234
237
238
239
240
240
247
252
255
256
258
258
263
270
274
280
281
285
286
287
295
299
301
303
311
321
322
322
325
336
340
340
343
348
351
353
361
370
371
373
373
376
380
387
387
390
398
408
411
412
414
414
415
418
422
428
434
441
442
444
447
452
459
463
463
464
464
471
479
482
484
486
490
494
499
501
502
504
512
522
525
532
538
546
553
566
575
579
580
580
580
587
587
590
591
600
603
605
606
610
613
620
634
642
648
650
652
655
657
659
659
662
664
665
667
669
676
678
680
681
684
686
693
696
697
702
702
705
707
714
717
718
723
725
726
728
729
730
731
733
747
750
751
756
756
759
759
760
761
761
763
767
769
774
775
775
776
784
785
786
787
788
799
802
806
809
816
816
820
824
829
833
837
839
841
842
843
846
848
853
866
866
867
867
870
874
878
888
898
901
906
906
907
914
918
922
922
922
928
934
935
942
944
945
948
948
955
957
962
965
965
969
970
971
974
979
980
981
984
987
990
993
994
994
997
998
999
1001
1003
1005
1008
1008
1009
1012
1013
1013
1016
1016
1021
1024
1024
1026
1029
1036
1040
1047
1048
1048
1049
1050
1052
1055
1059
1059
1062
1062
1065
1065
1071
1074
1082
1083
1085
1085
1085
1086
1087
1093
1095
1101
1104
1106
1112
1112
1116
1118
1126
1143
1145
1147
1153
1157
1160
1167
1168
1169
1174
1175
1176
1184
1187
1187
1188
1188
1190
1192
1194
1197
1199
1201
1206
1208
1211
1213
1216
1217
1221
1226
1230
1231
1236
1236
1237
1240
1243
1247
1250
1252
1252
1257
1258
1260
1263
1265
1270
1272
1273
1283
1284
1288
1288
1290
1290
1292
1295
1300
1306
1307
1314
1321
1332
1335
1341
1345
1347
1353
1360
1363
1363
1368
1369
1375
1377
1378
1378
1381
1391
1393
1393
1395
1399
1404
1406
1411
1420
1421
1425
1425
1430
1432
1435
1445
1452
1453
1459
1459
1459
1459
1460
1462
1471
1474
1474
1475
1477
1480
1481
1482
1482
1486
1490
1499
1500
1504
1507
1508
1510
1513
1515
1515
1518
1521
1522
1527
1528
1528
1530
1532
1534
1536
1541
1542
1543
1544
1545
1545
1547
1548
1559
1567
1574
1579
1580
1581
1583
1584
1589
1591
1602
1617
1624
1625
1629
1638
1647
1647
1651
1651
1653
1656
1656
1657
1660
1661
1661
1663
1663
1671
1671
1673
1677
1678
1680
1683
1683
1686
1687
1690
1691
1692
1695
1696
1699
1700
1702
1703
1707
1709
1712
1715
1715
1716
1719
1723
1727
1739
1740
1746
1757
1758
1764
1770
1774
1779
1780
1781
1783
1783
1786
1801
1806
1806
1811
1814
1815
1815
1817
1820
1821
1822
1823
1823
1823
1826
1841
1855
1856
1864
1868
1869
1872
1874
1877
1883
1889
1893
1896
1896
1897
1901
1902
1902
1903
1905
1905
1910
1913
1919
1920
1924
1932
1937
1941
1941
1949
1965
1970
1975
1975
1977
1979
1985
1988
1990
1998
1999
2000
2001
2002
2013
2017
2019
2019
2020
2021
2030
2033
2035
2040
2040
2044
2044
2045
2052
2054
2055
2057
2061
2069
2079
2080
2082
2091
2092
2093
2094
2097
2102
2108
2110
2111
2116
2127
2127
2128
2130
2133
2134
2134
2138
2144
2144
2149
2151
2154
2154
2159
2163
2170
2178
2180
2180
2183
2185
2185
2192
2192
2192
2192
2192
2193
2194
2199
2203
2215
2225
2225
2226
2227
2236
2237
2240
2241
2241
2243
2249
2257
2257
2259
2259
2261
2262
2268
2273
2282
2284
2293
2305
2305
2315
2322
2326
2326
2329
2330
2330
2347
2349
2350
2351
2351
2363
2365
2367
2367
2368
2373
2377
2383
2384
2386
2388
2389
2389
2391
2394
2398
2398
2405
2406
2407
2411
2412
2425
2426
2429
2433
2435
2440
2444
2449
2454
2459
2460
2461
2467
2472
2475
2476
2476
2478
2478
2481
2484
2487
2492
2492
2497
2498
2498
2498
2500
2505
2506
2512
2521
2528
2530
2532
2533
2533
2537
2539
2542
2542
2552
2553
2557
2557
2558
2565
2566
2572
2573
2574
2576
2583
2583
2584
2600
2600
2604
2607
2613
2616
2618
2621
2622
2628
2629
2631
2633
2637
2641
2641
2641
2660
2663
2663
2668
2669
2677
2679
2688
2689
2690
2695
2696
2697
2698
2698
2702
2707
2709
2711
2713
2717
2717
2721
2726
2730
2731
2733
2735
2737
2740
2743
2745
2747
2748
2749
2750
2754
2756
2766
2767
2769
2777
2778
2780
2782
2783
2787
2796
2798
2802
2812
2818
2818
2820
2829
2839
2842
2844
2849
2849
2854
2856
2856
2862
2863
2864
2871
2877
2878
2880
2880
2885
2886
2898
2899
2908
2912
2920
2925
2929
2930
2930
2931
2931
2931
2932
2935
2949
2949
2953
2956
2957
2957
2959
2962
2968
2969
2973
2974
2976
2977
2977
2979
2980
2980
2981
2984
2986
2986
2987
2990
2992
2997
3000
3001
3016
3020
3021
3024
3030
3044
3044
3053
3074
3076
3082
3084
3089
3093
3094
3110
3113
3115
3120
3130
3131
3131
3134
3135
3140
3146
3147
3150
3155
3155
3159
3163
3164
3165
3170
3173
3182
3183
3189
3199
3206
3207
3209
3211
3211
3212
3216
3216
3219
3223
3225
3225
3229
3229
3230
3232
3232
3235
3238
3240
3242
3243
3247
3247
3250
3250
3254
3258
3260
3265
3271
3273
3277
3278
3278
3282
3288
3291
3292
3294
3302
3309
3313
3314
3319
3321
3323
3325
3326
3336
3339
3342
3344
3344
3349
3349
3352
3353
3370
3376
3381
3382
3385
3385
3388
3393
3393
3395
3401
3401
3401
3402
3402
3406
3408
3410
3416
3417
3421
3422
3427
3432
3435
3441
3449
3451
3455
3462
3462
3463
3466
3471
3477
3477
3480
3481
3481
3491
3493
3497
3502
3502
3508
3513
3513
3519
3520
3531
3531
3535
3549
3552
3552
3554
3556
3565
3573
3579
3585
3588
3597
3601
3601
3607
3610
3614
3623
3625
3627
3628
3633
3634
3634
3636
3636
3643
3645
3645
3647
3652
3655
3656
3658
3658
3660
3666
3668
3668
3669
3673
3677
3678
3680
3681
3681
3681
3681
3690
3695
3703
3703
3704
3706
3709
3718
3719
3721
3722
3729
3735
3740
3740
3741
3744
3749
3755
3755
3755
3757
3761
3762
3776
3776
3777
3780
3784
3795
3795
3796
3796
3797
3803
3803
3809
3810
3815
3816
3826
3827
3827
3830
3831
3831
3832
3838
3845
3845
3848
3851
3855
3855
3856
3868
3868
3874
3885
3885
3888
3890
3894
3896
3897
3905
3907
3908
3911
3924
3931
3935
3940
3943
3944
3945
3953
3954
3958
3960
3961
3962
3965
3969
3971
3976
3977
3979
3979
3981
3982
3983
3986
3991
3995
3998
3998
4010
4010
4014
4016
4018
4019
4027
4028
4031
4036
4037
4041
4047
4047
4051
4051
4051
4054
4058
4059
4060
4063
4064
4065
4069
4071
4072
4077
4077
4079
4085
4089
4089
4091
4094
4101
4101
4106
4106
4110
4110
4112
4114
4117
4121
4122
4125
4127
4130
4131
4132
4143
4152
4153
4164
4166
4167
4167
4169
4173
4173
4174
4174
4176
4176
4184
4188
4193
4197
4200
4200
4202
4204
4212
4212
4213
4214
4217
4222
4222
4224
4226
4226
4231
4234
4239
4242
4243
4249
4252
4253
4258
4260
4266
4268
4281
4283
4284
4284
4285
4289
4290
4295
4296
4296
4297
4302
4304
4307
4309
4313
4321
4321
4331
4337
4342
4349
4350
4357
4366
4376
4376
4383
4384
4392
4393
4393
4396
4403
4407
4410
4423
4426
4429
4431
4433
4440
4440
4441
4445
4447
4447
4451
4459
4460
4463
4464
4469
4472
4481
4483
4494
4494
4499
4508
4517
4519
4520
4521
4525
4526
4528
4528
4535
4535
4540
4546
4559
4562
4569
4571
4576
4586
4586
4591
4594
4600
4602
4608
4608
4608
4615
4616
4618
4620
4622
4622
4623
4626
4629
4632
4633
4635
4640
4642
4656
4663
4669
4669
4675
4680
4688
4689
4690
4692
4692
4693
4695
4699
4702
4704
4706
4708
4709
4711
4711
4716
4720
4721
4721
4722
4724
4726
4727
4727
4728
4730
4741
4743
4746
4751
4752
4764
4766
4769
4771
4772
4773
4784
4786
4787
4791
4797
4801
4809
4810
4815
4819
4819
4823
4834
4837
4840
4842
4850
4853
4854
4860
4861
4865
4882
4884
4888
4891
4891
4899
4905
4908
4908
4919
4921
4922
4931
4933
4936
4936
4938
4939
4955
4957
4958
4959
4960
4960
4963
4975
4976
4978
4982
4983
4983
4988
4993
4996
4996
4996
4996
4998
4998
5001
5002
5005
5013
5018
5019
5020
5021
5023
5027
5027
5028
5029
5030
5037
5038
5039
5041
5043
5047
5047
5049
5055
5057
5061
5068
5075
5075
5079
5086
5087
5088
5089
5094
5103
5109
5110
5111
5112
5115
5117
5120
5121
5123
5125
5126
5129
5132
5132
5133
5140
5144
5144
5146
5147
5150
5150
5152
5156
5156
5156
5157
5160
5168
5170
5179
5180
5181
5188
5188
5191
5193
5208
5220
5221
5227
5229
5229
5231
5237
5238
5240
5241
5243
5243
5248
5253
5254
5254
5256
5256
5263
5265
5266
5273
5274
5275
5277
5285
5286
5286
5290
5290
5290
5291
5293
5294
5299
5299
5310
5310
5316
5318
5323
5331
5337
5344
5349
5354
5359
5364
5364
5367
5369
5374
5374
5375
5379
5385
5385
5390
5392
5397
5401
5404
5410
5412
5419
5425
5429
5433
5438
5439
5445
5449
5452
5452
5453
5454
5456
5459
5462
5462
5466
5474
5474
5476
5478
5480
5489
5490
5492
5494
5495
5497
5500
5508
5509
5514
5516
5523
5524
5530
5534
5538
5538
5541
5545
5546
5548
5552
5552
5558
5558
5565
5566
5574
5575
5580
5595
5598
5600
5602
5602
5608
5611
5611
5613
5615
5619
5632
5632
5632
5647
5650
5652
5652
5654
5655
5663
5663
5665
5671
5672
5676
5677
5685
5686
5691
5694
5698
5699
5700
5708
5709
5716
5721
5725
5725
5730
5732
5735
5736
5738
5738
5743
5744
5749
5756
5757
5759
5763
5769
5780
5783
5783
5783
5789
5790
5795
5797
5798
5802
5808
5811
5811
5812
5813
5814
5816
5817
5819
5819
5820
5822
5823
5825
5828
5828
5829
5831
5832
5835
5837
5838
5842
5846
5847
5852
5854
5855
5855
5857
5859
5862
5866
5869
5870
5874
5874
5877
5877
5887
5900
5901
5903
5904
5905
5907
5908
5913
5914
5920
5922
5929
5936
5943
5945
5948
5950
5951
5954
5956
5963
5963
5974
5984
5985
5986
5986
5986
5989
5990
5994
5997
5999
6002
6004
6005
6007
6008
6009
6025
6035
6038
6040
6042
6043
6048
6049
6050
6052
6052
6055
6055
6057
6067
6070
6071
6071
6078
6079
6079
6080
6083
6093
6094
6095
6095
6097
6099
6101
6103
6104
6106
6107
6110
6111
6113
6114
6115
6115
6115
6122
6123
6124
6128
6133
6134
6135
6137
6141
6142
6144
6148
6153
6166
6167
6172
6174
6178
6181
6186
6186
6192
6192
6194
6194
6198
6199
6201
6209
6210
6212
6217
6221
6225
6227
6229
6238
6243
6247
6248
6251
6257
6258
6262
6270
6272
6276
6277
6279
6284
6291
6295
6299
6303
6305
6307
6314
6315
6324
6329
6330
6330
6331
6333
6341
6342
6352
6355
6357
6365
6370
6375
6375
6376
6376
6376
6380
6380
6382
6388
6396
6399
6403
6403
6405
6405
6408
6409
6415
6421
6425
6427
6427
6453
6455
6457
6457
6459
6460
6476
6480
6481
6486
6490
6494
6496
6497
6502
6505
6507
6513
6523
6532
6536
6536
6538
6538
6539
6546
6548
6548
6549
6550
6554
6557
6557
6557
6565
6568
6574
6580
6584
6589
6596
6606
6607
6610
6610
6617
6619
6633
6633
6643
6645
6650
6650
6656
6660
6666
6670
6670
6679
6681
6681
6686
6686
6689
6690
6690
6695
6696
6698
6700
6700
6702
6703
6705
6714
6715
6726
6729
6730
6733
6733
6739
6741
6744
6746
6746
6751
6756
6757
6760
6761
6779
6783
6783
6788
6791
6792
6793
6796
6799
6803
6806
6815
6816
6816
6817
6818
6819
6821
6823
6824
6824
6830
6830
6831
6835
6840
6843
6846
6849
6853
6853
6858
6858
6859
6860
6865
6867
6871
6874
6876
6883
6886
6890
6893
6896
6905
6906
6908
6908
6909
6909
6919
6919
6919
6922
6925
6926
6926
6935
6936
6939
6949
6950
6953
6957
6960
6960
6965
6965
6966
6966
6969
6971
6972
6973
6976
7005
7006
7012
7018
7021
7024
7036
7036
7037
7037
7037
7042
7044
7059
7064
7064
7067
7072
7072
7075
7076
7076
7077
7086
7087
7090
7097
7097
7097
7098
7101
7103
7106
7107
7109
7113
7121
7121
7123
7127
7132
7136
7136
7138
7141
7142
7142
7143
7152
7154
7157
7158
7158
7159
7161
7161
7164
7174
7175
7177
7179
7182
7184
7192
7200
7204
7205
7219
7219
7222
7224
7224
7228
7229
7229
7230
7231
7231
7236
7243
7245
7250
7251
7254
7256
7265
7269
7271
7273
7277
7278
7295
7299
7300
7302
7304
7318
7321
7322
7326
7327
7331
7332
7336
7337
7343
7346
7350
7350
7352
7354
7356
7357
7358
7364
7371
7373
7377
7384
7388
7390
7398
7398
7400
7405
7408
7415
7423
7424
7427
7428
7433
7435
7438
7443
7449
7451
7456
7468
7468
7471
7477
7485
7487
7499
7500
7502
7506
7514
7518
7519
7531
7533
7534
7536
7536
7544
7548
7553
7557
7557
7557
7559
7581
7586
7588
7589
7596
7600
7601
7606
7606
7607
7612
7613
7619
7620
7622
7622
7625
7630
7631
7634
7637
7638
7638
7639
7640
7648
7655
7657
7660
7663
7668
7677
7678
7679
7686
7686
7692
7692
7692
7695
7706
7706
7707
7708
7709
7710
7712
7712
7713
7718
7724
7725
7725
7729
7732
7732
7732
7744
7747
7749
7753
7754
7755
7757
7762
7769
7772
7774
7777
7783
7784
7787
7789
7798
7801
7807
7810
7819
7819
7820
7824
7826
7827
7831
7846
7847
7849
7850
7862
7862
7863
7864
7874
7874
7876
7884
7885
7886
7888
7888
7890
7904
7905
7908
7909
7909
7911
7913
7914
7916
7917
7919
7919
7921
7926
7934
7934
7939
7942
7944
7945
7947
7951
7952
7955
7963
7963
7967
7967
7968
7970
7991
7997
7998
8003
8004
8005
8005
8013
8013
8018
8022
8023
8024
8028
8031
8031
8032
8033
8035
8038
8041
8046
8050
8053
8056
8058
8059
8066
8067
8068
8069
8069
8069
8069
8078
8081
8098
8105
8108
8109
8115
8120
8123
8127
8130
8135
8136
8138
8144
8145
8147
8149
8153
8166
8175
8176
8181
8184
8184
8188
8193
8196
8204
8205
8208
8210
8217
8220
8221
8222
8226
8229
8230
8230
8230
8232
8233
8233
8234
8235
8235
8237
8240
8248
8261
8267
8268
8270
8274
8276
8276
8288
8291
8299
8304
8305
8315
8316
8316
8316
8322
8324
8327
8327
8329
8330
8337
8339
8347
8351
8353
8355
8366
8367
8368
8370
8377
8380
8388
8390
8390
8391
8394
8394
8394
8395
8397
8397
8398
8400
8400
8401
8402
8403
8403
8403
8406
8406
8409
8413
8415
8417
8428
8429
8430
8434
8436
8436
8441
8448
8462
8463
8463
8464
8472
8472
8474
8475
8478
8479
8484
8487
8487
8488
8492
8495
8498
8499
8505
8507
8512
8528
8528
8534
8534
8535
8536
8537
8546
8556
8568
8570
8573
8575
8583
8583
8586
8586
8588
8588
8600
8603
8604
8611
8616
8618
8626
8640
8640
8643
8644
8645
8646
8653
8657
8657
8660
8670
8679
8680
8681
8687
8707
8709
8710
8711
8712
8724
8728
8732
8734
8742
8748
8753
8753
8758
8760
8770
8777
8783
8789
8802
8806
8809
8811
8811
8812
8813
8814
8820
8821
8825
8842
8843
8845
8854
8855
8863
8868
8870
8871
8872
8881
8884
8885
8885
8888
8896
8901
8904
8907
8908
8909
8910
8917
8924
8926
8931
8931
8933
8933
8937
8938
8940
8940
8941
8941
8942
8942
8946
8949
8949
8950
8954
8964
8964
8965
8965
8966
8970
8972
8976
8976
8977
8987
8991
8996
8998
9001
9003
9006
9008
9009
9010
9010
9012
9013
9015
9018
9018
9019
9022
9027
9035
9040
9046
9052
9054
9055
9060
9065
9067
9076
9079
9081
9082
9083
9085
9090
9091
9092
9092
9096
9101
9101
9107
9107
9109
9111
9116
9117
9119
9122
9128
9128
9130
9135
9136
9138
9139
9139
9140
9159
9162
9171
9172
9173
9177
9178
9184
9187
9196
9199
9199
9201
9202
9204
9205
9206
9217
9217
9218
9226
9232
9233
9235
9235
9236
9236
9239
9242
9247
9251
9254
9258
9265
9266
9272
9275
9280
9280
9283
9285
9286
9288
9290
9292
9295
9299
9303
9303
9306
9306
9307
9309
9312
9313
9314
9316
9321
9330
9332
9337
9338
9344
9346
9351
9351
9353
9355
9356
9357
9361
9365
9372
9373
9382
9382
9384
9392
9394
9395
9399
9409
9410
9419
9419
9419
9430
9430
9432
9433
9439
9443
9450
9451
9458
9469
9471
9473
9474
9476
9480
9482
9485
9489
9493
9497
9499
9506
9512
9515
9525
9531
9536
9540
9545
9548
9549
9551
9554
9555
9555
9557
9559
9559
9567
9567
9574
9582
9583
9585
9590
9591
9592
9592
9594
9597
9598
9602
9604
9609
9620
9624
9627
9627
9629
9633
9633
9635
9652
9653
9662
9665
9667
9671
9671
9673
9675
9683
9684
9686
9687
9702
9703
9705
9708
9711
9718
9718
9720
9721
9726
9728
9728
9729
9731
9734
9737
9739
9741
9741
9745
9747
9753
9754
9758
9759
9760
9761
9763
9763
9767
9774
9774
9785
9788
9788
9793
9796
9802
9802
9807
9809
9813
9815
9817
9819
9819
9822
9823
9832
9833
9835
9841
9845
9864
9871
9877
9879
9886
9886
9890
9900
9901
9910
9915
9922
9922
9935
9936
9938
9944
9950
9952
9952
9953
9953
9954
9954
9956
9964
9969
9970
9972
9975
9978
9978
9979
9980
9980
9982
9983
9988
9992
9992
10003
10012
10014
10014
10016
10024
10026
10029
10031
10032
10037
10038
10041
10042
10043
10045
10046
10046
10047
10048
10050
10052
10054
10056
10056
10057
10078
10082
10083
10084
10085
10086
10087
10089
10090
10093
10094
10094
10094
10095
10096
10096
10098
10102
10104
10115
10118
10121
10122
10129
10130
10134
10138
10139
10144
10146
10147
10148
10150
10150
10154
10154
10156
10157
10159
10159
10161
10162
10162
10165
10165
10174
10178
10184
10186
10187
10188
10190
10190
10197
10200
10202
10206
10208
10209
10213
10213
10214
10215
10216
10220
10223
10225
10226
10227
10229
10236
10238
10238
10242
10245
10252
10257
10257
10262
10265
10268
10276
10278
10279
10279
10285
10286
10294
10299
10299
10299
10302
10306
10307
10312
10313
10313
10329
10331
10337
10339
10339
10339
10342
10344
10346
10347
10357
10364
10365
10366
10389
10389
10389
10411
10413
10414
10418
10418
10421
10422
10422
10423
10424
10427
10430
10431
10432
10434
10440
10440
10442
10442
10448
10450
10452
10455
10459
10460
10465
10467
10468
10469
10470
10474
10476
10483
10488
10490
10492
10495
10499
10506
10510
10516
10520
10520
10521
10530
10533
10542
10552
10556
10559
10560
10560
10564
10572
10578
10580
10582
10585
10591
10591
10595
10596
10600
10603
10610
10617
10618
10624
10624
10628
10630
10634
10634
10636
10646
10647
10650
10658
10665
10667
10670
10674
10674
10686
10691
10692
10693
10699
10701
10702
10710
10711
10719
10720
10724
10725
10726
10729
10733
10736
10737
10738
10740
10741
10745
10746
10748
10752
10753
10753
10757
10757
10761
10763
10765
10767
10770
10772
10773
10774
10775
10778
10782
10787
10789
10794
10794
10794
10795
10801
10803
10805
10814
10814
10819
10820
10820
10821
10835
10838
10840
10842
10843
10844
10844
10847
10850
10850
10851
10854
10855
10856
10859
10862
10863
10865
10869
10872
10872
10876
10877
10884
10894
10895
10896
10896
10897
10906
10915
10915
10918
10918
10919
10920
10924
10925
10927
10928
10933
10934
10935
10936
10936
10937
10939
10943
10943
10945
10951
10957
10958
10967
10968
10969
10970
10972
10973
10973
10976
10982
10982
10986
10986
10987
10987
10987
10989
10998
11001
11001
11003
11005
11008
11009
11010
11011
11012
11015
11017
11022
11026
11026
11037
11043
11046
11052
11052
11052
11057
11057
11058
11067
11072
11076
11077
11081
11087
11088
11094
11094
11096
11099
11106
11107
11110
11116
11117
11117
11120
11126
11126
11131
11138
11146
11155
11158
11159
11160
11160
11161
11163
11167
11167
11176
11181
11184
11186
11189
11189
11192
11195
11196
11199
11202
11204
11224
11230
11233
11233
11237
11240
11241
11241
11245
11255
11258
11258
11259
11265
11270
11275
11277
11277
11285
11289
11291
11291
11294
11297
11298
11304
11312
11314
11317
11326
11337
11338
11347
11348
11363
11367
11374
11375
11376
11381
11382
11382
11384
11386
11388
11390
11400
11406
11406
11408
11412
11417
11419
11420
11422
11430
11430
11435
11447
11459
11461
11462
11468
11472
11476
11478
11481
11490
11491
11495
11495
11499
11502
11503
11503
11504
11504
11507
11507
11509
11511
11515
11525
11528
11530
11530
11535
11540
11543
11552
11555
11557
11566
11567
11570
11578
11579
11587
11590
11590
11591
11592
11592
11596
11599
11599
11601
11601
11601
11602
11607
11607
11617
11620
11621
11630
11631
11634
11635
11637
11637
11640
11648
11650
11650
11659
11661
11662
11674
11685
11686
11687
11704
11704
11718
11719
11719
11722
11730
11737
11738
11738
11739
11740
11741
11741
11742
11742
11747
11758
11759
11764
11767
11771
11782
11782
11785
11793
11799
11813
11814
11817
11819
11821
11822
11825
11825
11839
11840
11841
11849
11851
11851
11853
11854
11857
11868
11869
11870
11871
11876
11877
11879
11891
11893
11895
11901
11902
11904
11906
11912
11919
11922
11926
11927
11933
11933
11936
11938
11941
11943
11949
11953
11953
11956
11961
11963
11964
11964
11965
11969
11971
11973
11976
11979
11981
11982
11990
11991
12000
12005
12007
12008
12013
12014
12021
12029
12031
12035
12046
12048
12049
12051
12058
12058
12074
12079
12080
12081
12084
12084
12085
12093
12093
12093
12093
12095
12101
12102
12108
12111
12111
12112
12113
12117
12119
12119
12123
12124
12135
12141
12143
12146
12151
12151
12152
12157
12168
12173
12175
12175
12176
12177
12178
12183
12185
12185
12198
12198
12203
12205
12206
12210
12216
12219
12220
12221
12226
12227
12228
12230
12234
12235
12235
12245
12246
12255
12255
12257
12259
12265
12266
12267
12269
12273
12274
12278
12289
12291
12291
12295
12296
12300
12300
12302
12314
12315
12315
12316
12319
12321
12324
12327
12335
12338
12343
12344
12345
12347
12349
12353
12355
12359
12361
12364
12365
12368
12370
12370
12377
12377
12379
12384
12384
12392
12394
12397
12399
12400
12408
12409
12412
12415
12416
12419
12423
12430
12433
12439
12439
12444
12448
12448
12448
12453
12456
12456
12457
12457
12459
12463
12468
12468
12471
12472
12474
12480
12483
12488
12494
12494
12495
12499
12500
12504
12505
12505
12510
12522
12525
12526
12531
12531
12533
12534
12536
12538
12543
12544
12546
12550
12550
12553
12560
12564
12565
12565
12568
12573
12579
12586
12592
12592
12592
12592
12599
12599
12600
12605
12610
12612
12614
12614
12615
12627
12633
12634
12638
12640
12641
12649
12650
12654
12654
12656
12659
12661
12661
12669
12671
12672
12674
12679
12685
12687
12689
12690
12693
12693
12697
12698
12699
12706
12709
12715
12715
12728
12736
12739
12741
12746
12752
12753
12756
12757
12759
12763
12770
12771
12772
12773
12773
12778
12786
12792
12793
12796
12799
12805
12810
12815
12815
12818
12823
12823
12826
12829
12832
12833
12835
12842
12848
12849
12850
12850
12852
12853
12854
12859
12863
12864
12867
12872
12876
12884
12885
12886
12887
12888
12892
12899
12902
12911
12911
12918
12921
12931
12934
12936
12936
12939
12940
12942
12943
12945
12948
12956
12959
12966
12966
12966
12969
12970
12971
12973
12974
12975
12984
12986
12994
12998
12999
13000
13002
13005
13008
13012
13026
13030
13044
13044
13049
13051
13051
13052
13077
13098
13101
13108
13111
13115
13116
13117
13118
13120
13128
13131
13141
13145
13148
13149
13151
13158
13158
13161
13162
13164
13171
13173
13174
13181
13186
13187
13190
13192
13195
13198
13200
13201
13201
13203
13205
13205
13211
13213
13214
13215
13216
13218
13218
13221
13226
13229
13229
13241
13242
13244
13248
13253
13253
13254
13257
13265
13271
13272
13273
13274
13275
13280
13282
13282
13289
13291
13292
13297
13307
13320
13321
13328
13328
13332
13334
13335
13336
13337
13344
13350
13352
13354
13354
13355
13366
13367
13369
13373
13378
13384
13385
13386
13388
13389
13392
13401
13406
13408
13410
13413
13418
13436
13444
13444
13444
13451
13452
13458
13459
13461
13465
13470
13471
13471
13472
13477
13480
13486
13487
13490
13491
13493
13494
13494
13494
13495
13495
13506
13506
13507
13512
13519
13525
13527
13530
13531
13536
13537
13537
13542
13542
13545
13548
13548
13550
13551
13557
13564
13575
13577
13580
13580
13592
13593
13601
13604
13610
13614
13617
13618
13624
13624
13631
13639
13639
13640
13643
13644
13645
13646
13654
13658
13664
13670
13670
13678
13681
13681
13686
13697
13701
13704
13708
13711
13712
13714
13718
13718
13719
13720
13723
13727
13736
13736
13739
13754
13754
13757
13759
13759
13768
13770
13773
13774
13777
13784
13784
13789
13791
13793
13795
13801
13805
13807
13811
13816
13826
13826
13830
13832
13838
13839
13840
13842
13843
13843
13845
13848
13849
13852
13855
13857
13859
13863
13864
13866
13875
13876
13883
13885
13887
13888
13891
13904
13905
13905
13907
13912
13916
13921
13922
13922
13926
13927
13930
13940
13940
13950
13952
13957
13958
13964
13966
13972
13972
13972
13974
13979
13982
13984
13987
13996
14002
14002
14004
14006
14006
14008
14022
14022
14025
14029
14030
14031
14031
14036
14040
14040
14041
14056
14057
14060
14068
14070
14072
14074
14076
14082
14083
14089
14092
14104
14104
14104
14118
14119
14122
14123
14125
14125
14130
14132
14133
14134
14140
14141
14141
14144
14151
14167
14171
14171
14172
14172
14173
14176
14176
14188
14188
14189
14190
14195
14197
14199
14206
14214
14217
14218
14227
14231
14235
14237
14243
14244
14245
14250
14252
14258
14259
14261
14262
14265
14269
14270
14271
14275
14276
14276
14277
14277
14279
14284
14287
14290
14297
14299
14300
14302
14306
14310
14314
14315
14319
14321
14323
14323
14324
14331
14331
14340
14342
14345
14363
14367
14368
14373
14373
14380
14380
14380
14383
14384
14389
14389
14398
14403
14405
14407
14407
14415
14419
14422
14425
14432
14436
14439
14440
14440
14442
14446
14447
14449
14457
14459
14460
14461
14463
14465
14468
14471
14472
14478
14480
14481
14488
14488
14491
14494
14496
14512
14517
14524
14525
14530
14536
14539
14541
14544
14545
14554
14557
14559
14563
14569
14574
14576
14577
14580
14580
14581
14584
14594
14597
14600
14603
14605
14605
14614
14626
14633
14636
14640
14641
14641
14644
14647
14650
14660
14664
14665
14668
14671
14672
14672
14674
14678
14679
14680
14683
14704
14709
14710
14712
14715
14720
14726
14728
14745
14748
14757
14757
14761
14770
14771
14773
14773
14775
14783
14783
14792
14793
14796
14800
14805
14808
14810
14810
14812
14815
14816
14819
14822
14823
14830
14840
14842
14844
14849
14850
14852
14857
14859
14860
14862
14867
14874
14875
14880
14886
14887
14888
14888
14890
14892
14892
14893
14900
14907
14907
14909
14910
14911
14914
14915
14916
14918
14921
14923
14928
14935
14940
14940
14942
14942
14944
14947
14948
14953
14956
14967
14973
14975
14980
14982
14982
14993
14994
14999
14999
15006
15007
15010
15010
15016
15017
15017
15018
15019
15029
15032
15033
15045
15060
15061
15064
15066
15074
15074
15075
15083
15087
15089
15090
15091
15096
15097
15098
15098
15105
15109
15115
15123
15124
15134
15139
15143
15145
15149
15151
15160
15161
15164
15164
15167
15169
15175
15177
15186
15187
15194
15194
15195
15203
15205
15206
15212
15213
15218
15219
15220
15221
15223
15226
15227
15228
15229
15233
15243
15245
15250
15258
15261
15262
15278
15279
15281
15288
15302
15303
15303
15304
15305
15306
15307
15308
15329
15330
15334
15338
15340
15341
15347
15348
15351
15355
15358
15358
15362
15363
15365
15369
15369
15370
15371
15372
15374
15376
15384
15388
15394
15395
15405
15408
15428
15430
15431
15433
15433
15433
15437
15438
15439
15442
15450
15452
15457
15459
15462
15463
15464
15469
15473
15474
15474
15474
15478
15481
15485
15502
15503
15504
15511
15512
15516
15517
15521
15522
15523
15527
15529
15531
15532
15535
15536
15537
15538
15541
15541
15541
15541
15544
15544
15556
15558
15560
15568
15570
15572
15574
15578
15588
15588
15589
15592
15596
15597
15598
15599
15600
15600
15601
15603
15607
15620
15621
15622
15628
15629
15632
15640
15648
15648
15650
15654
15656
15656
15660
15671
15675
15676
15678
15678
15680
15684
15691
15692
15697
15699
15701
15702
15702
15704
15704
15706
15707
15708
15709
15721
15723
15732
15733
15733
15735
15737
15740
15741
15745
15746
15765
15768
15780
15784
15784
15787
15790
15792
15798
15798
15807
15808
15809
15810
15811
15819
15823
15828
15829
15831
15834
15837
15837
15839
15841
15845
15851
15866
15868
15869
15870
15870
15870
15873
15878
15881
15881
15891
15895
15899
15900
15900
15904
15912
15916
15924
15927
15929
15929
15932
15936
15938
15947
15948
15952
15958
15962
15965
15972
15974
15976
15986
15987
15993
15993
15993
15996
16000
16001
16007
16008
16015
16023
16027
16030
16035
16042
16046
16049
16051
16052
16060
16064
16064
16066
16069
16069
16077
16079
16079
16095
16097
16097
16103
16103
16108
16116
16120
16125
16125
16126
16127
16128
16130
16141
16143
16145
16146
16149
16152
16154
16154
16156
16161
16162
16165
16165
16166
16174
16178
16181
16185
16186
16188
16189
16189
16189
16190
16194
16195
16196
16199
16199
16202
16206
16207
16207
16208
16212
16214
16216
16221
16223
16232
16238
16244
16249
16249
16250
16252
16253
16255
16256
16259
16262
16263
16264
16267
16270
16273
16273
16277
16280
16285
16285
16292
16296
16297
16299
16300
16300
16306
16307
16309
16309
16310
16313
16319
16319
16321
16324
16329
16332
16335
16335
16341
16347
16347
16347
16354
16357
16358
16361
16363
16364
16370
16376
16378
16381
16382
16387
16390
16390
16400
16400
16402
16403
16405
16407
16408
16408
16411
16420
16421
16421
16422
16425
16433
16435
16440
16447
16451
16462
16467
16470
16475
16478
16478
16478
16479
16483
16490
16504
16504
16506
16509
16510
16518
16519
16521
16524
16529
16536
16537
16547
16554
16555
16558
16562
16565
16565
16565
16566
16571
16575
16575
16578
16581
16581
16596
16604
16607
16616
16620
16624
16625
16625
16627
16628
16632
16634
16639
16640
16643
16646
16652
16655
16663
16664
16667
16668
16668
16674
16679
16680
16681
16683
16687
16690
16696
16697
16699
16706
16708
16708
16708
16709
16709
16716
16718
16719
16728
16732
16732
16734
16741
16747
16757
16758
16761
16772
16776
16779
16783
16787
16790
16793
16803
16804
16805
16812
16814
16818
16820
16821
16824
16829
16829
16837
16839
16840
16840
16842
16849
16853
16853
16858
16859
16860
16861
16870
16875
16876
16882
16888
16894
16899
16900
16905
16907
16907
16912
16915
16915
16915
16916
16917
16918
16919
16919
16927
16927
16934
16937
16940
16942
16942
16950
16950
16957
16960
16960
16964
16967
16974
16976
16982
16986
16987
16991
16995
16998
16998
17005
17007
17008
17010
17011
17013
17020
17021
17023
17023
17026
17028
17035
17041
17051
17059
17066
17067
17067
17071
17076
17078
17079
17081
17082
17082
17088
17090
17092
17100
17104
17106
17106
17107
17108
17113
17122
17123
17123
17125
17129
17129
17133
17134
17138
17142
17142
17150
17151
17158
17164
17165
17169
17178
17185
17186
17187
17188
17195
17196
17200
17214
17215
17220
17230
17232
17234
17245
17251
17251
17252
17259
17263
17267
17275
17278
17279
17279
17281
17281
17281
17281
17282
17282
17282
17285
17289
17294
17297
17306
17325
17330
17332
17343
17344
17347
17349
17352
17353
17353
17359
17362
17364
17368
17369
17376
17380
17382
17388
17394
17396
17396
17397
17405
17407
17407
17410
17411
17412
17426
17427
17429
17430
17430
17432
17432
17438
17450
17450
17453
17454
17457
17459
17460
17475
17475
17477
17478
17479
17481
17483
17489
17492
17493
17497
17501
17511
17511
17512
17515
17515
17518
17518
17527
17529
17535
17539
17546
17552
17552
17554
17558
17558
17559
17562
17569
17571
17574
17574
17580
17580
17583
17591
17593
17597
17600
17600
17610
17611
17611
17616
17618
17621
17625
17625
17626
17627
17631
17639
17641
17646
17647
17650
17651
17654
17654
17658
17660
17661
17661
17663
17671
17673
17676
17678
17682
17682
17685
17689
17691
17698
17700
17704
17707
17709
17714
17722
17723
17724
17727
17731
17732
17732
17734
17740
17742
17749
17749
17752
17753
17754
17755
17762
17768
17772
17778
17784
17784
17789
17790
17792
17792
17794
17798
17804
17806
17821
17821
17821
17821
17838
17839
17840
17840
17843
17845
17867
17868
17870
17875
17876
17876
17878
17879
17885
17893
17902
17932
17934
17934
17936
17943
17946
17948
17952
17956
17957
17958
17962
17967
17971
17976
17981
17993
17998
18003
18004
18004
18010
18013
18019
18021
18023
18023
18025
18031
18034
18037
18037
18043
18043
18043
18045
18050
18054
18059
18063
18070
18070
18073
18077
18080
18082
18083
18085
18090
18091
18096
18098
18098
18099
18102
18102
18103
18104
18108
18113
18118
18118
18120
18123
18124
18125
18130
18134
18143
18145
18146
18157
18158
18158
18161
18168
18172
18177
18184
18189
18189
18196
18196
18198
18201
18205
18206
18206
18208
18210
18211
18220
18223
18227
18228
18232
18233
18235
18236
18238
18240
18240
18245
18246
18249
18250
18251
18255
18257
18261
18265
18267
18273
18277
18279
18285
18288
18289
18303
18306
18306
18316
18317
18325
18327
18328
18331
18336
18338
18338
18345
18352
18363
18365
18377
18377
18385
18391
18403
18405
18413
18420
18425
18433
18441
18449
18462
18465
18468
18470
18473
18477
18477
18481
18483
18485
18486
18488
18489
18491
18503
18504
18510
18510
18510
18514
18519
18519
18528
18530
18530
18531
18537
18541
18541
18542
18546
18548
18553
18553
18553
18556
18559
18560
18571
18574
18579
18583
18583
18586
18592
18597
18613
18615
18620
18621
18623
18635
18640
18640
18657
18658
18661
18662
18666
18666
18667
18667
18672
18679
18682
18682
18687
18693
18696
18698
18703
18709
18711
18717
18727
18730
18730
18733
18738
18742
18744
18748
18748
18749
18753
18757
18769
18773
18778
18786
18787
18793
18795
18798
18800
18802
18803
18806
18807
18808
18810
18814
18815
18816
18816
18818
18818
18822
18827
18827
18830
18832
18836
18840
18844
18845
18847
18853
18872
18873
18874
18883
18886
18887
18888
18889
18890
18897
18897
18901
18903
18904
18912
18913
18914
18916
18920
18923
18923
18927
18933
18939
18939
18943
18950
18958
18963
18964
18964
18968
18968
18972
18973
18978
18980
18985
18991
18999
19001
19005
19008
19011
19014
19015
19021
19021
19024
19038
19041
19046
19052
19058
19058
19062
19080
19099
19099
19102
19108
19110
19111
19116
19118
19119
19119
19128
19131
19134
19135
19145
19149
19150
19152
19152
19161
19164
19168
19169
19170
19171
19171
19175
19177
19179
19179
19180
19184
19185
19190
19191
19204
19206
19209
19213
19215
19216
19217
19218
19220
19224
19226
19227
19230
19234
19235
19239
19243
19244
19245
19249
19251
19256
19257
19257
19264
19272
19274
19275
19284
19288
19298
19299
19304
19304
19307
19310
19310
19311
19320
19322
19326
19327
19332
19343
19343
19348
19349
19350
19356
19359
19359
19367
19370
19374
19378
19381
19382
19382
19384
19386
19391
19396
19397
19398
19400
19403
19404
19407
19409
19409
19415
19416
19417
19419
19422
19427
19429
19430
19439
19442
19448
19456
19457
19458
19460
19471
19471
19472
19476
19477
19478
19489
19489
19493
19496
19505
19510
19516
19518
19520
19523
19524
19527
19527
19530
19531
19534
19535
19540
19542
19544
19546
19555
19557
19560
19565
19565
19567
19567
19569
19573
19574
19575
19576
19577
19577
19578
19586
19588
19603
19605
19607
19613
19616
19616
19617
19617
19622
19631
19632
19633
19635
19639
19644
19645
19646
19654
19655
19658
19658
19661
19662
19662
19662
19663
19666
19670
19676
19679
19682
19693
19697
19698
19699
19702
19707
19707
19710
19717
19717
19718
19719
19719
19721
19724
19724
19730
19737
19738
19741
19742
19743
19747
19751
19756
19756
19759
19769
19772
19780
19782
19782
19784
19787
19788
19792
19794
19797
19801
19806
19813
19813
19815
19815
19823
19839
19842
19847
19849
19856
19857
19860
19871
19874
19875
19876
19880
19882
19884
19885
19896
19900
19912
19914
19914
19919
19924
19930
19936
19936
19939
19945
19946
19952
19959
19964
19966
19969
19969
19970
19971
19978
19981
19987
19987
19989
19995
20006
20007
20008
20008
20008
20009
20011
20021
20024
20025
20027
20027
20027
20028
20032
20034
20037
20038
20038
20042
20052
20052
20059
20065
20085
20093
20094
20097
20100
20102
20106
20107
20111
20112
20114
20116
20120
20122
20126
20130
20137
20141
20142
20149
20151
20152
20153
20154
20154
20155
20163
20164
20168
20170
20175
20175
20181
20182
20183
20183
20188
20191
20192
20192
20193
20199
20199
20210
20218
20218
20218
20220
20221
20227
20230
20234
20238
20243
20249
20250
20257
20261
20262
20262
20264
20268
20270
20273
20280
20284
20289
20295
20295
20298
20300
20312
20322
20324
20326
20329
20332
20337
20344
20346
20356
20360
20367
20369
20373
20386
20387
20388
20391
20403
20409
20413
20414
20414
20418
20428
20430
20437
20439
20441
20442
20445
20445
20448
20452
20457
20457
20462
20465
20475
20475
20477
20480
20482
20482
20484
20485
20491
20498
20500
20503
20504
20508
20509
20514
20523
20524
20528
20530
20531
20546
20546
20546
20553
20555
20556
20559
20562
20563
20569
20575
20577
20586
20591
20596
20603
20604
20617
20617
20618
20618
20625
20625
20626
20633
20636
20641
20641
20646
20649
20654
20654
20657
20657
20657
20659
20668
20668
20669
20672
20676
20681
20681
20690
20694
20697
20698
20698
20706
20708
20718
20718
20721
20722
20725
20727
20749
20752
20764
20768
20770
20770
20776
20781
20785
20786
20793
20794
20796
20796
20798
20800
20801
20803
20805
20805
20807
20807
20812
20817
20817
20818
20818
20823
20825
20827
20828
20830
20834
20838
20842
20845
20848
20850
20854
20854
20854
20855
20855
20856
20857
20857
20862
20870
20872
20876
20877
20877
20883
20884
20885
20887
20891
20897
20899
20901
20904
20915
20920
20920
20922
20924
20925
20927
20927
20932
20932
20933
20935
20936
20936
20939
20943
20943
20943
20944
20944
20944
20953
20955
20959
20962
20965
20967
20968
20969
20969
20972
20976
20981
20986
20988
20994
20997
21000
21005
21006
21010
21012
21015
21016
21019
21025
21032
21033
21034
21034
21034
21042
21044
21045
21048
21050
21052
21055
21056
21058
21064
21070
21072
21072
21076
21077
21084
21086
21089
21090
21090
21092
21093
21096
21097
21097
21101
21105
21105
21107
21107
21111
21113
21117
21119
21122
21123
21126
21126
21127
21128
21129
21131
21137
21139
21139
21141
21142
21143
21146
21149
21153
21154
21154
21154
21164
21166
21172
21172
21174
21178
21183
21193
21198
21200
21203
21206
21213
21213
21213
21213
21216
21220
21226
21226
21229
21231
21232
21239
21239
21240
21242
21246
21248
21249
21250
21254
21254
21256
21256
21258
21263
21264
21267
21269
21271
21273
21274
21277
21281
21289
21292
21292
21296
21299
21303
21308
21313
21318
21319
21326
21329
21334
21337
21339
21343
21349
21349
21351
21362
21363
21363
21364
21370
21373
21374
21385
21393
21397
21401
21402
21403
21406
21408
21408
21409
21409
21410
21413
21414
21414
21419
21426
21426
21427
21429
21433
21445
21446
21456
21459
21462
21465
21467
21472
21473
21473
21475
21478
21479
21479
21491
21498
21506
21509
21509
21512
21523
21527
21531
21531
21535
21538
21542
21543
21545
21550
21565
21565
21566
21568
21568
21574
21577
21578
21586
21587
21588
21591
21600
21603
21603
21604
21606
21607
21611
21623
21627
21631
21632
21634
21635
21644
21647
21648
21649
21651
21656
21658
21660
21661
21663
21664
21665
21669
21671
21675
21682
21684
21689
21693
21693
21697
21698
21704
21704
21706
21707
21712
21715
21721
21728
21732
21733
21737
21738
21741
21741
21743
21750
21750
21750
21752
21755
21756
21760
21768
21769
21772
21773
21777
21783
21790
21791
21791
21795
21795
21802
21805
21807
21809
21811
21811
21812
21815
21826
21830
21830
21844
21845
21851
21852
21856
21858
21861
21869
21870
21873
21876
21882
21884
21889
21891
21893
21895
21897
21899
21900
21903
21907
21907
21909
21913
21913
21913
21914
21915
21915
21917
21920
21925
21934
21936
21938
21941
21945
21949
21954
21954
21955
21956
21958
21959
21960
21961
21961
21962
21965
21969
21977
21977
21978
21980
21982
21983
21991
21992
21996
21998
22004
22005
22006
22009
22009
22011
22011
22011
22013
22016
22020
22024
22025
22028
22030
22033
22034
22036
22037
22040
22042
22047
22048
22052
22062
22066
22074
22074
22076
22077
22078
22082
22086
22087
22090
22091
22096
22102
22106
22114
22115
22115
22116
22118
22120
22126
22126
22127
22133
22147
22149
22151
22154
22155
22166
22171
22172
22177
22178
22182
22185
22193
22193
22199
22205
22209
22209
22210
22211
22214
22219
22221
22222
22225
22225
22226
22226
22228
22230
22238
22238
22239
22240
22242
22243
22244
22247
22248
22248
22251
22252
22255
22258
22259
22261
22262
22270
22270
22271
22273
22274
22283
22286
22286
22290
22292
22296
22299
22302
22302
22303
22305
22308
22311
22311
22313
22316
22316
22324
22325
22329
22340
22345
22346
22357
22359
22360
22362
22370
22371
22372
22372
22375
22376
22382
22384
22384
22387
22391
22395
22397
22398
22399
22401
22406
22407
22415
22418
22422
22424
22425
22426
22427
22428
22432
22433
22438
22440
22442
22445
22447
22447
22448
22450
22453
22466
22467
22470
22475
22476
22482
22485
22487
22489
22497
22509
22510
22515
22515
22519
22526
22526
22530
22534
22538
22539
22541
22542
22551
22552
22555
22556
22558
22560
22560
22561
22563
22563
22567
22569
22572
22574
22576
22576
22577
22582
22588
22591
22593
22597
22600
22605
22630
22630
22633
22636
22641
22643
22655
22655
22656
22660
22662
22662
22666
22669
22669
22673
22676
22678
22679
22680
22680
22686
22689
22692
22696
22697
22697
22698
22704
22705
22706
22708
22709
22710
22711
22711
22719
22719
22723
22728
22729
22740
22750
22751
22752
22755
22758
22762
22762
22769
22773
22784
22789
22790
22791
22795
22795
22795
22797
22801
22809
22814
22815
22816
22818
22823
22824
22833
22833
22837
22838
22843
22846
22849
22854
22856
22859
22869
22872
22879
22882
22885
22886
22887
22907
22911
22911
22912
22919
22928
22928
22929
22930
22930
22931
22936
22940
22942
22944
22948
22950
22951
22961
22967
22971
22979
22986
22990
22990
22991
22992
22992
22996
23001
23004
23005
23009
23009
23013
23015
23022
23024
23025
23033
23035
23037
23041
23043
23050
23062
23062
23070
23075
23075
23082
23095
23096
23096
23096
23106
23110
23111
23121
23125
23126
23128
23134
23134
23134
23138
23139
23139
23141
23145
23152
23156
23160
23162
23164
23174
23181
23183
23190
23192
23193
23193
23196
23198
23199
23199
23202
23203
23206
23210
23220
23227
23230
23235
23238
23243
23243
23245
23253
23261
23261
23263
23264
23266
23269
23280
23286
23293
23295
23300
23303
23309
23314
23314
23317
23320
23325
23326
23329
23330
23332
23334
23343
23348
23349
23350
23355
23363
23371
23379
23380
23389
23392
23396
23402
23403
23403
23407
23411
23415
23418
23419
23420
23422
23427
23429
23430
23433
23439
23440
23441
23441
23444
23446
23457
23461
23463
23463
23471
23475
23475
23478
23480
23485
23487
23490
23496
23497
23499
23501
23502
23503
23504
23507
23508
23517
23522
23523
23536
23540
23541
23541
23542
23543
23544
23551
23556
23557
23558
23559
23561
23561
23565
23566
23566
23569
23574
23574
23575
23576
23581
23584
23586
23587
23593
23600
23601
23614
23623
23624
23627
23629
23637
23638
23639
23639
23645
23648
23649
23652
23654
23659
23660
23661
23661
23666
23668
23669
23671
23672
23680
23681
23681
23699
23710
23716
23716
23717
23718
23721
23729
23730
23730
23731
23735
23736
23736
23741
23746
23748
23751
23754
23755
23757
23760
23760
23760
23762
23764
23765
23766
23768
23775
23781
23782
23788
23792
23796
23797
23802
23803
23806
23808
23809
23813
23813
23816
23823
23828
23829
23830
23830
23830
23837
23837
23838
23843
23846
23861
23865
23866
23867
23869
23873
23875
23876
23880
23887
23888
23889
23891
23897
23899
23903
23905
23910
23913
23913
23914
23915
23926
23930
23932
23934
23938
23942
23943
23947
23949
23960
23966
23972
23973
23973
23973
23977
23979
23980
23981
23986
23987
23988
23990
23991
23992
23999
24003
24004
24009
24011
24011
24012
24015
24015
24018
24025
24026
24027
24032
24038
24045
24047
24049
24056
24057
24059
24059
24068
24075
24077
24077
24097
24105
24108
24108
24108
24109
24116
24117
24125
24126
24127
24132
24133
24136
24136
24140
24145
24150
24156
24158
24158
24159
24159
24159
24164
24170
24177
24185
24197
24198
24199
24203
24204
24206
24207
24210
24211
24216
24219
24220
24221
24226
24228
24233
24237
24239
24241
24243
24244
24246
24249
24252
24252
24255
24265
24265
24273
24274
24279
24289
24290
24291
24292
24293
24293
24294
24301
24310
24316
24320
24321
24321
24321
24326
24327
24328
24329
24331
24336
24341
24344
24344
24349
24352
24352
24353
24353
24353
24360
24360
24360
24368
24375
24375
24377
24377
24383
24385
24388
24389
24390
24403
24403
24409
24409
24414
24415
24416
24416
24417
24417
24436
24439
24444
24446
24452
24453
24453
24458
24458
24458
24461
24461
24462
24464
24470
24471
24472
24474
24476
24479
24488
24488
24490
24494
24496
24496
24497
24504
24510
24512
24514
24516
24517
24520
24521
24523
24529
24534
24540
24541
24554
24554
24555
24558
24562
24565
24571
24572
24575
24576
24582
24588
24592
24606
24615
24619
24619
24623
24626
24627
24629
24630
24631
24631
24635
24636
24639
24645
24647
24650
24655
24660
24661
24661
24668
24672
24673
24675
24678
24680
24683
24685
24687
24688
24694
24700
24700
24706
24708
24710
24710
24715
24722
24723
24726
24733
24744
24747
24748
24749
24749
24752
24756
24757
24758
24767
24768
24774
24781
24782
24784
24800
24801
24804
24809
24810
24815
24821
24824
24826
24826
24829
24831
24832
24833
24834
24835
24838
24844
24848
24855
24857
24861
24861
24862
24863
24865
24867
24872
24881
24893
24898
24908
24911
24912
24917
24917
24918
24918
24919
24921
24922
24922
24924
24925
24935
24936
24937
24938
24942
24945
24948
24952
24955
24957
24958
24958
24966
24966
24967
24976
24982
24983
24983
24985
24985
24990
24994
24996
24999
25004
25004
25005
25005
25019
25037
25037
25037
25043
25048
25050
25055
25056
25059
25064
25066
25076
25078
25082
25082
25083
25092
25096
25099
25101
25104
25109
25110
25111
25117
25119
25119
25125
25126
25129
25131
25140
25144
25145
25148
25152
25158
25159
25160
25163
25165
25165
25166
25168
25176
25177
25187
25189
25190
25193
25193
25195
25196
25203
25204
25206
25211
25214
25215
25215
25219
25225
25236
25240
25246
25251
25252
25254
25254
25256
25256
25261
25262
25263
25266
25272
25275
25275
25277
25286
25286
25288
25289
25294
25295
25299
25305
25309
25311
25313
25314
25323
25324
25324
25326
25326
25329
25329
25334
25337
25341
25343
25350
25355
25362
25371
25371
25372
25376
25380
25383
25383
25386
25388
25389
25389
25394
25394
25401
25402
25406
25407
25409
25410
25417
25418
25422
25422
25426
25428
25428
25431
25436
25440
25447
25452
25452
25456
25458
25459
25460
25463
25464
25464
25464
25465
25466
25468
25468
25475
25482
25487
25496
25498
25503
25505
25506
25513
25514
25514
25515
25516
25517
25523
25523
25530
25530
25531
25534
25538
25540
25546
25551
25559
25560
25563
25566
25567
25567
25577
25578
25582
25583
25583
25589
25591
25595
25597
25598
25601
25606
25607
25610
25620
25620
25621
25623
25623
25624
25625
25626
25627
25628
25631
25639
25640
25640
25641
25641
25652
25653
25654
25654
25658
25661
25667
25672
25675
25684
25687
25693
25695
25696
25697
25697
25708
25712
25719
25723
25723
25725
25732
25732
25734
25737
25741
25747
25749
25751
25756
25760
25760
25764
25764
25765
25774
25778
25784
25788
25791
25795
25796
25797
25800
25802
25805
25806
25808
25809
25811
25815
25816
25823
25832
25835
25841
25844
25846
25846
25850
25853
25857
25859
25863
25867
25871
25874
25879
25884
25887
25888
25892
25895
25895
25896
25901
25902
25907
25919
25923
25926
25927
25929
25939
25939
25943
25946
25946
25949
25951
25953
25953
25961
25961
25966
25968
25970
25971
25973
25975
25975
25978
25994
25996
26008
26010
26013
26020
26024
26034
26035
26037
26038
26039
26047
26050
26050
26053
26054
26055
26063
26065
26067
26068
26076
26078
26080
26082
26083
26086
26091
26099
26107
26108
26114
26115
26116
26117
26118
26124
26125
26138
26141
26143
26149
26149
26156
26167
26168
26177
26178
26179
26185
26188
26190
26192
26196
26202
26202
26203
26214
26217
26219
26223
26224
26227
26229
26231
26231
26232
26237
26255
26256
26263
26265
26266
26267
26273
26275
26280
26287
26287
26294
26297
26301
26308
26309
26309
26319
26327
26327
26332
26339
26353
26363
26364
26365
26367
26375
26386
26388
26391
26391
26401
26403
26403
26406
26409
26419
26424
26432
26434
26438
26442
26442
26443
26452
26453
26454
26466
26467
26467
26471
26472
26476
26477
26478
26479
26479
26482
26483
26489
26491
26494
26502
26503
26504
26505
26505
26506
26506
26511
26514
26516
26518
26525
26525
26531
26532
26534
26535
26535
26537
26542
26542
26542
26543
26548
26549
26552
26553
26554
26558
26559
26562
26565
26575
26588
26588
26590
26594
26597
26597
26603
26604
26604
26605
26605
26609
26611
26614
26624
26625
26625
26628
26629
26632
26637
26637
26639
26641
26645
26649
26655
26659
26659
26660
26663
26663
26664
26667
26672
26677
26680
26693
26696
26697
26699
26699
26706
26709
26710
26714
26715
26717
26719
26721
26722
26745
26752
26753
26753
26755
26756
26758
26758
26759
26763
26767
26774
26774
26775
26781
26795
26800
26801
26801
26805
26808
26809
26810
26811
26812
26815
26815
26816
26827
26829
26830
26830
26830
26831
26847
26853
26862
26867
26872
26872
26876
26879
26879
26883
26885
26886
26888
26892
26898
26900
26906
26908
26909
26909
26909
26909
26916
26918
26918
26918
26921
26933
26934
26935
26939
26943
26947
26956
26960
26960
26965
26976
26983
26990
26998
27001
27003
27009
27013
27020
27027
27032
27036
27036
27037
27038
27039
27040
27045
27051
27061
27065
27069
27070
27072
27076
27077
27081
27087
27089
27090
27091
27092
27097
27098
27102
27105
27108
27109
27111
27112
27112
27132
27132
27141
27150
27153
27154
27154
27155
27160
27163
27164
27164
27165
27167
27177
27177
27178
27180
27182
27184
27185
27186
27192
27195
27196
27204
27207
27211
27213
27217
27220
27223
27227
27234
27236
27237
27237
27241
27242
27248
27249
27253
27253
27257
27258
27277
27278
27283
27286
27290
27290
27298
27305
27319
27324
27325
27328
27329
27331
27331
27337
27338
27338
27350
27351
27352
27352
27355
27356
27366
27368
27369
27373
27374
27388
27404
27404
27405
27409
27416
27419
27420
27427
27427
27429
27432
27437
27443
27443
27447
27449
27450
27462
27462
27463
27468
27469
27474
27475
27478
27488
27493
27500
27506
27511
27516
27521
27534
27537
27538
27542
27542
27544
27545
27547
27552
27556
27556
27562
27564
27579
27583
27589
27590
27591
27595
27605
27607
27615
27622
27625
27629
27635
27642
27648
27652
27658
27658
27658
27658
27658
27665
27668
27675
27676
27681
27683
27687
27688
27689
27692
27693
27695
27696
27698
27702
27702
27705
27708
27711
27712
27718
27726
27736
27745
27746
27753
27757
27764
27767
27776
27780
27782
27785
27786
27791
27792
27796
27796
27800
27801
27805
27808
27817
27818
27822
27830
27833
27835
27838
27839
27841
27843
27844
27855
27864
27867
27873
27875
27881
27881
27881
27889
27892
27897
27899
27899
27900
27904
27910
27911
27918
27922
27929
27931
27934
27934
27935
27939
27940
27946
27948
27956
27957
27961
27967
27981
27987
27988
27989
27990
27993
27995
27997
28000
28011
28012
28019
28021
28022
28023
28031
28031
28032
28035
28038
28040
28041
28046
28049
28050
28064
28072
28074
28074
28076
28081
28084
28086
28086
28097
28105
28107
28108
28113
28117
28121
28121
28121
28136
28136
28151
28155
28165
28166
28167
28167
28170
28178
28180
28181
28182
28190
28199
28204
28210
28213
28214
28214
28226
28227
28233
28235
28239
28246
28251
28258
28258
28262
28270
28271
28273
28274
28277
28278
28279
28282
28286
28286
28288
28291
28296
28304
28306
28306
28311
28316
28321
28325
28326
28328
28330
28332
28339
28341
28344
28349
28357
28358
28360
28363
28374
28375
28378
28379
28385
28390
28392
28393
28394
28397
28398
28401
28405
28408
28410
28415
28419
28426
28435
28438
28442
28448
28452
28456
28460
28461
28461
28464
28464
28467
28469
28475
28477
28477
28478
28478
28491
28491
28493
28496
28498
28500
28504
28513
28517
28517
28527
28532
28532
28532
28533
28534
28536
28544
28546
28556
28557
28558
28567
28568
28570
28574
28595
28596
28621
28624
28627
28638
28641
28642
28642
28660
28662
28663
28669
28670
28678
28678
28680
28688
28688
28698
28702
28704
28705
28705
28710
28711
28711
28712
28715
28716
28719
28721
28723
28723
28728
28737
28738
28739
28741
28742
28742
28748
28751
28752
28753
28759
28763
28771
28776
28777
28777
28784
28790
28791
28795
28795
28806
28812
28819
28823
28824
28828
28832
28835
28839
28844
28847
28851
28851
28852
28852
28852
28853
28853
28858
28858
28863
28863
28864
28865
28870
28874
28877
28892
28899
28901
28904
28906
28908
28909
28911
28912
28914
28921
28930
28933
28934
28938
28939
28946
28947
28948
28949
28951
28952
28956
28956
28957
28961
28962
28963
28965
28966
28966
28968
28968
28972
28974
28974
28975
28982
28985
28986
28986
28988
28990
28994
28994
28995
28996
28997
29008
29011
29012
29022
29024
29026
29028
29029
29029
29033
29034
29035
29036
29046
29046
29050
29055
29055
29071
29073
29074
29075
29087
29090
29092
29103
29126
29127
29137
29139
29140
29143
29152
29154
29159
29163
29164
29166
29174
29178
29179
29189
29191
29191
29193
29197
29202
29203
29205
29210
29216
29218
29218
29219
29220
29231
29232
29234
29235
29235
29245
29255
29258
29263
29269
29269
29274
29275
29276
29276
29287
29291
29293
29293
29294
29294
29307
29308
29309
29310
29311
29312
29313
29317
29320
29321
29330
29331
29333
29338
29342
29344
29351
29351
29359
29363
29363
29363
29371
29373
29377
29380
29381
29381
29394
29403
29406
29408
29411
29412
29413
29414
29415
29416
29418
29419
29429
29433
29434
29440
29441
29442
29442
29444
29447
29449
29457
29459
29467
29479
29485
29487
29487
29487
29487
29488
29490
29491
29491
29491
29492
29499
29504
29506
29511
29514
29516
29516
29538
29540
29542
29548
29552
29562
29563
29570
29571
29573
29574
29575
29596
29596
29596
29602
29603
29605
29610
29610
29615
29615
29617
29619
29620
29625
29626
29628
29631
29631
29632
29632
29637
29642
29645
29650
29653
29655
29656
29656
29661
29664
29665
29669
29669
29671
29672
29674
29677
29677
29681
29684
29685
29685
29685
29686
29688
29689
29690
29695
29701
29704
29710
29713
29717
29718
29719
29719
29720
29721
29734
29741
29748
29751
29755
29756
29756
29761
29763
29767
29770
29771
29773
29774
29776
29780
29786
29793
29794
29794
29795
29799
29805
29807
29807
29808
29809
29811
29817
29818
29824
29829
29830
29830
29843
29846
29846
29847
29848
29848
29861
29865
29866
29867
29867
29868
29868
29870
29882
29886
29886
29887
29890
29893
29904
29911
29913
29914
29914
29916
29917
29923
29923
29924
29925
29927
29929
29933
29945
29946
29947
29948
29949
29953
29955
29957
29959
29973
29976
29976
29978
29979
29982
29990
29993
29998
29998
30013
30014
30017
30030
30033
30033
30035
30035
30040
30043
30045
30052
30054
30055
30055
30057
30059
30059
30064
30067
30069
30070
30072
30072
30078
30084
30087
30098
30099
30101
30108
30112
30113
30113
30118
30126
30126
30134
30145
30148
30150
30153
30154
30154
30157
30161
30165
30165
30169
30169
30174
30180
30184
30187
30197
30204
30205
30206
30206
30210
30216
30216
30218
30219
30224
30227
30231
30234
30236
30238
30239
30239
30241
30242
30244
30244
30244
30244
30248
30253
30253
30254
30256
30257
30280
30282
30285
30286
30294
30298
30298
30309
30310
30311
30314
30316
30322
30328
30328
30330
30331
30332
30334
30347
30350
30354
30362
30362
30365
30366
30367
30370
30370
30372
30372
30373
30373
30373
30376
30376
30386
30388
30390
30391
30392
30402
30403
30405
30413
30413
30415
30417
30420
30427
30430
30432
30434
30443
30444
30446
30455
30467
30474
30474
30478
30478
30478
30481
30482
30484
30485
30489
30495
30498
30502
30505
30506
30506
30507
30509
30511
30522
30525
30527
30532
30535
30539
30549
30551
30552
30553
30561
30568
30569
30570
30573
30574
30574
30581
30589
30590
30596
30599
30599
30604
30604
30608
30608
30616
30617
30618
30622
30622
30622
30630
30632
30634
30635
30637
30645
30645
30653
30653
30661
30662
30665
30684
30684
30692
30698
30699
30704
30705
30721
30723
30728
30730
30733
30733
30734
30739
30741
30743
30745
30749
30753
30754
30757
30762
30775
30775
30782
30782
30783
30786
30789
30797
30800
30806
30810
30823
30823
30829
30833
30834
30837
30839
30846
30847
30852
30853
30853
30866
30871
30872
30874
30878
30880
30882
30885
30886
30894
30895
30897
30899
30899
30900
30902
30903
30905
30909
30915
30918
30925
30927
30930
30931
30935
30938
30942
30946
30953
30956
30960
30964
30965
30967
30975
30976
30989
30993
30993
30994
30995
31002
31009
31011
31013
31029
31032
31034
31039
31041
31044
31054
31059
31074
31078
31082
31091
31094
31094
31100
31103
31106
31111
31111
31114
31114
31115
31117
31122
31125
31127
31129
31129
31134
31143
31146
31150
31150
31151
31168
31168
31173
31178
31180
31181
31182
31183
31188
31188
31199
31201
31201
31204
31204
31208
31211
31213
31214
31214
31215
31221
31226
31230
31232
31237
31245
31246
31246
31252
31254
31257
31258
31260
31263
31266
31266
31270
31278
31282
31284
31287
31291
31293
31294
31294
31296
31297
31299
31299
31304
31304
31306
31310
31313
31317
31317
31321
31324
31333
31340
31357
31362
31368
31372
31373
31374
31378
31388
31391
31393
31393
31394
31395
31395
31397
31401
31403
31404
31406
31410
31412
31412
31421
31428
31428
31428
31431
31433
31434
31453
31455
31455
31457
31458
31459
31461
31461
31465
31471
31472
31472
31473
31478
31486
31488
31494
31494
31496
31502
31503
31504
31507
31511
31513
31513
31513
31514
31520
31525
31528
31532
31537
31539
31540
31546
31547
31548
31548
31550
31551
31553
31553
31555
31558
31559
31563
31567
31572
31572
31574
31581
31582
31587
31588
31591
31591
31594
31595
31610
31613
31614
31616
31619
31620
31625
31629
31636
31640
31645
31645
31647
31648
31648
31649
31650
31654
31654
31658
31658
31663
31664
31667
31673
31674
31675
31676
31677
31680
31683
31686
31689
31697
31701
31703
31705
31708
31709
31719
31720
31723
31726
31729
31730
31733
31735
31735
31743
31745
31747
31747
31747
31748
31749
31753
31754
31755
31757
31760
31765
31767
31769
31771
31778
31780
31786
31787
31792
31796
31799
31800
31801
31804
31809
31812
31823
31828
31830
31831
31831
31832
31833
31833
31837
31845
31847
31851
31851
31853
31856
31860
31862
31869
31869
31870
31872
31872
31873
31882
31883
31888
31890
31893
31893
31897
31897
31900
31902
31903
31903
31905
31908
31909
31914
31916
31920
31924
31926
31926
31927
31927
31937
31939
31939
31941
31941
31943
31949
31953
31955
31962
31963
31964
31968
31971
31975
31976
31977
31980
31983
31990
31990
31998
32002
32020
32024
32026
32032
32035
32037
32042
32052
32059
32062
32066
32066
32068
32069
32071
32073
32073
32074
32083
32084
32086
32092
32094
32100
32102
32102
32104
32106
32108
32121
32123
32127
32128
32130
32138
32148
32148
32155
32157
32161
32162
32163
32164
32165
32168
32175
32178
32181
32181
32186
32188
32194
32194
32202
32204
32205
32207
32214
32217
32223
32223
32224
32225
32227
32232
32232
32239
32242
32243
32247
32247
32249
32251
32260
32265
32266
32267
32268
32271
32274
32274
32278
32281
32281
32284
32285
32286
32288
32289
32304
32314
32327
32328
32329
32331
32336
32346
32352
32360
32360
32363
32366
32367
32368
32369
32372
32374
32376
32380
32381
32389
32393
32400
32405
32409
32411
32412
32413
32414
32415
32415
32417
32422
32424
32430
32437
32447
32449
32456
32457
32460
32460
32460
32463
32465
32466
32467
32468
32469
32470
32472
32477
32479
32486
32490
32492
32496
32504
32509
32510
32510
32516
32520
32523
32528
32529
32530
32531
32543
32545
32546
32547
32552
32553
32554
32554
32557
32561
32562
32567
32567
32574
32575
32577
32579
32581
32581
32582
32587
32600
32606
32608
32609
32612
32616
32632
32634
32643
32647
32654
32657
32657
32677
32686
32688
32689
32695
32696
32696
32698
32700
32700
32706
32714
32715
32716
32716
32722
32723
32724
32727
32732
32735
32736
32738
32739
32743
32745
32747
32748
32750
32750
32750
32752
32754
