1000
77
84
118
127
135
185
262
288
290
321
358
398
412
420
456
466
491
513
527
563
610
735
737
785
800
841
853
865
872
912
917
959
965
983
989
1002
1015
1019
1060
1069
1082
1163
1182
1263
1323
1332
1384
1405
1405
1409
1417
1435
1466
1479
1485
1578
1593
1671
1704
1762
1780
1788
1795
1809
1824
1830
1832
1859
1901
1912
1926
1940
1944
1953
2033
2048
2054
2079
2131
2229
2239
2246
2301
2330
2366
2370
2372
2373
2388
2388
2398
2400
2414
2430
2515
2563
2569
2591
2596
2663
2672
2700
2707
2713
2763
2858
2939
2977
2984
3068
3133
3264
3265
3269
3287
3367
3415
3426
3464
3569
3623
3630
3646
3648
3663
3768
3804
3809
3956
3959
3991
4024
4035
4037
4116
4144
4200
4227
4269
4275
4283
4308
4342
4346
4417
4435
4436
4478
4479
4500
4514
4533
4628
4660
4670
4681
4688
4812
4874
4881
4903
4941
4966
5012
5014
5036
5089
5157
5203
5210
5229
5232
5260
5265
5269
5359
5424
5438
5471
5477
5516
5531
5550
5575
5587
5592
5596
5598
5622
5690
5690
5788
5904
5953
5963
6002
6038
6051
6070
6109
6161
6219
6264
6273
6274
6321
6361
6363
6389
6394
6400
6489
6515
6537
6539
6542
6558
6663
6668
6677
6701
6711
6717
6718
6720
6739
6852
6854
6919
6940
6972
6974
7033
7066
7087
7118
7155
7186
7199
7211
7226
7247
7277
7300
7376
7389
7397
7409
7465
7517
7592
7627
7637
7772
7803
7806
7858
7900
7924
7971
8068
8079
8178
8193
8278
8291
8331
8384
8412
8507
8595
8615
8642
8669
8670
8717
8722
8820
8829
8831
8993
9134
9202
9291
9348
9380
9401
9420
9430
9473
9520
9610
9657
9665
9668
9748
9759
9761
9827
9854
9915
9932
9959
10116
10125
10172
10207
10217
10226
10238
10243
10292
10307
10341
10343
10479
10487
10497
10520
10524
10532
10573
10640
10735
10746
10784
10852
10951
10958
11027
11035
11124
11127
11141
11164
11169
11173
11176
11194
11198
11203
11236
11257
11311
11318
11333
11370
11411
11430
11433
11460
11494
11518
11569
11590
11591
11593
11623
11641
11646
11659
11678
11725
11810
11819
11852
11861
11912
11949
11953
11964
12052
12060
12106
12138
12168
12194
12218
12270
12272
12295
12396
12403
12430
12441
12489
12504
12506
12562
12569
12579
12640
12650
12665
12798
12815
12895
12916
12941
12942
13017
13155
13219
13239
13273
13300
13368
13380
13444
13454
13526
13546
13547
13563
13581
13688
13706
13749
13809
13824
13831
13855
13931
13934
13935
13935
13971
13975
14022
14142
14156
14208
14231
14243
14248
14266
14275
14283
14288
14289
14370
14371
14422
14475
14503
14623
14689
14716
14734
14736
14805
14827
14868
14912
14932
14961
14965
14979
15006
15044
15063
15123
15145
15186
15235
15245
15283
15312
15381
15426
15480
15499
15515
15516
15523
15607
15670
15670
15678
15692
15719
15719
15766
15912
15975
15987
16007
16019
16022
16050
16068
16089
16112
16129
16168
16175
16190
16191
16207
16219
16261
16264
16276
16287
16333
16371
16508
16545
16547
16573
16602
16608
16629
16652
16795
16801
16814
16935
16991
16994
17027
17045
17051
17069
17081
17090
17115
17168
17190
17253
17302
17316
17398
17402
17405
17471
17474
17513
17560
17702
17776
17778
17824
17837
17976
17985
17990
17992
18042
18047
18069
18143
18176
18178
18207
18213
18247
18321
18364
18414
18426
18506
18508
18509
18538
18558
18562
18564
18597
18629
18630
18643
18699
18734
18845
18847
18871
18941
18945
18972
18974
19006
19094
19109
19124
19140
19144
19252
19268
19272
19273
19380
19403
19406
19408
19451
19479
19492
19534
19551
19633
19634
19639
19713
19724
19732
19736
19776
19802
19912
19917
19947
19962
19994
19995
20025
20032
20035
20042
20155
20158
20191
20232
20256
20310
20320
20372
20522
20545
20563
20563
20568
20688
20729
20732
20762
20773
20775
20797
20847
20852
20884
20903
20965
20969
21024
21045
21118
21140
21161
21218
21219
21247
21257
21263
21288
21367
21487
21496
21520
21542
21578
21635
21673
21676
21723
21743
21772
21783
21805
21831
21833
21965
21977
21986
22108
22116
22163
22379
22389
22393
22464
22483
22505
22575
22609
22781
22783
22812
22842
22849
22875
22913
22940
22945
23058
23079
23150
23223
23240
23332
23373
23400
23443
23510
23531
23536
23614
23654
23709
23712
23725
23773
23869
23910
23938
23953
23959
24025
24041
24055
24064
24066
24094
24100
24103
24125
24134
24146
24184
24200
24203
24211
24263
24327
24360
24436
24464
24505
24533
24595
24600
24659
24662
24681
24689
24773
24864
24867
24887
24924
25003
25098
25103
25142
25144
25182
25217
25260
25266
25315
25317
25337
25349
25374
25402
25448
25449
25453
25456
25478
25520
25577
25612
25648
25657
25678
25714
25717
25723
25738
25751
25758
25770
25776
25797
25809
25839
25842
25866
25872
25882
25900
26029
26070
26071
26073
26093
26121
26157
26179
26270
26272
26277
26294
26301
26311
26558
26583
26633
26638
26685
26688
26694
26791
26903
26979
26996
27053
27053
27076
27196
27208
27306
27312
27337
27381
27383
27429
27473
27512
27524
27535
27608
27615
27628
27641
27643
27643
27665
27679
27759
27810
27863
27872
27921
27952
27979
28015
28040
28074
28098
28119
28122
28178
28181
28364
28391
28426
28466
28477
28493
28522
28530
28578
28583
28590
28591
28604
28608
28685
28792
28858
28914
28959
28969
28982
29005
29040
29045
29054
29132
29135
29142
29146
29153
29178
29179
29260
29319
29455
29465
29544
29564
29565
29581
29621
29622
29700
29710
29817
29824
29842
29895
29963
29987
30017
30022
30037
30109
30115
30199
30219
30235
30355
30388
30404
30415
30418
30497
30499
30517
30572
30572
30603
30604
30706
30708
30727
30752
30763
30804
30813
30815
30818
30837
30856
30898
30911
30934
30991
30999
31014
31037
31060
31063
31081
31092
31096
31139
31164
31212
31337
31400
31402
31454
31471
31485
31523
31577
31578
31608
31626
31660
31700
31720
31728
31758
31761
31782
31861
31925
31932
31940
31983
32012
32037
32045
32071
32090
32111
32272
32464
32503
32528
32551
32556
32571
32586
32597
32604
32629
32638
32650
32682
32713
32718
32735
32743
32760
