5000
32761
32758
32749
32718
32716
32713
32707
32701
32700
32683
32675
32673
32665
32652
32636
32633
32621
32619
32613
32613
32606
32605
32598
32597
32596
32587
32585
32556
32549
32544
32544
32539
32535
32534
32528
32519
32518
32496
32495
32482
32470
32464
32456
32454
32451
32443
32443
32418
32412
32405
32403
32402
32401
32401
32400
32400
32395
32385
32375
32346
32337
32335
32326
32319
32317
32282
32281
32275
32275
32274
32267
32264
32262
32262
32257
32257
32233
32231
32222
32214
32209
32200
32198
32190
32187
32184
32183
32166
32164
32162
32161
32146
32142
32140
32132
32119
32112
32074
32070
32062
32056
32047
32044
32026
32021
32016
32012
32009
32008
32005
31988
31976
31975
31970
31968
31959
31950
31947
31934
31919
31911
31904
31895
31895
31891
31887
31883
31876
31866
31862
31862
31859
31858
31849
31847
31839
31827
31826
31815
31814
31812
31812
31811
31810
31806
31794
31777
31774
31770
31766
31765
31759
31756
31754
31741
31740
31734
31731
31730
31729
31728
31720
31710
31709
31708
31708
31705
31697
31677
31677
31675
31674
31662
31661
31661
31656
31655
31653
31653
31649
31644
31642
31638
31631
31629
31624
31616
31609
31606
31603
31595
31593
31592
31587
31582
31579
31564
31558
31549
31547
31546
31544
31544
31541
31531
31516
31515
31511
31502
31499
31498
31490
31478
31471
31468
31464
31460
31451
31449
31448
31446
31445
31444
31418
31418
31414
31412
31407
31406
31405
31381
31375
31371
31369
31363
31363
31363
31358
31353
31350
31345
31339
31338
31327
31311
31305
31299
31298
31270
31262
31261
31257
31241
31234
31224
31223
31215
31212
31207
31204
31204
31200
31200
31197
31194
31190
31189
31185
31177
31177
31177
31167
31161
31159
31146
31144
31139
31125
31107
31105
31105
31082
31077
31073
31067
31052
31045
31045
31040
31037
31026
31009
31009
31002
30997
30995
30991
30989
30986
30976
30970
30962
30935
30934
30911
30905
30902
30900
30893
30893
30885
30883
30881
30875
30875
30873
30871
30870
30856
30815
30808
30807
30807
30792
30791
30782
30777
30764
30751
30738
30723
30705
30698
30697
30696
30686
30684
30681
30666
30657
30641
30633
30630
30630
30629
30625
30624
30608
30608
30605
30594
30594
30583
30581
30571
30559
30556
30548
30539
30535
30523
30521
30512
30497
30495
30491
30487
30480
30477
30474
30456
30454
30445
30444
30441
30427
30421
30419
30418
30418
30418
30416
30412
30410
30394
30394
30392
30385
30384
30381
30373
30373
30370
30369
30351
30344
30335
30317
30303
30300
30293
30289
30277
30276
30262
30245
30240
30208
30201
30198
30196
30192
30192
30186
30184
30183
30174
30173
30144
30139
30134
30127
30123
30113
30105
30093
30092
30085
30080
30078
30074
30061
30059
30058
30045
30041
30040
30037
30023
30020
29998
29989
29989
29968
29966
29962
29957
29956
29956
29953
29953
29929
29924
29922
29919
29893
29892
29879
29878
29875
29859
29851
29850
29847
29837
29834
29822
29819
29807
29795
29783
29781
29777
29770
29767
29765
29762
29761
29726
29720
29701
29687
29687
29686
29675
29673
29662
29651
29624
29621
29618
29615
29614
29608
29603
29601
29580
29563
29561
29549
29543
29539
29538
29536
29516
29507
29502
29498
29495
29483
29480
29476
29461
29458
29449
29448
29441
29429
29424
29410
29390
29380
29374
29370
29369
29367
29360
29352
29345
29337
29336
29331
29329
29326
29318
29317
29316
29310
29300
29295
29287
29263
29262
29254
29253
29250
29249
29236
29230
29205
29202
29200
29197
29196
29196
29190
29180
29176
29166
29164
29164
29163
29161
29160
29159
29158
29158
29157
29154
29148
29147
29147
29133
29119
29118
29114
29113
29108
29079
29067
29064
29059
29054
29043
29028
29020
29013
29012
29010
28988
28976
28959
28958
28923
28922
28918
28914
28887
28887
28873
28873
28870
28868
28857
28856
28847
28847
28843
28840
28831
28828
28825
28816
28808
28807
28778
28753
28734
28727
28719
28714
28708
28707
28693
28690
28686
28685
28683
28668
28667
28661
28636
28634
28632
28608
28602
28589
28588
28582
28578
28576
28574
28568
28557
28555
28536
28533
28530
28518
28517
28516
28515
28495
28489
28480
28479
28472
28468
28465
28460
28456
28445
28419
28419
28410
28400
28378
28378
28372
28362
28354
28351
28349
28344
28344
28335
28322
28321
28312
28301
28301
28296
28283
28283
28272
28265
28264
28244
28244
28237
28234
28222
28215
28204
28202
28197
28193
28185
28158
28135
28128
28125
28121
28108
28107
28069
28065
28062
28057
28035
28034
28029
28014
28005
28001
27979
27976
27973
27970
27967
27959
27954
27947
27945
27936
27932
27927
27919
27908
27895
27895
27890
27885
27881
27869
27866
27840
27840
27840
27839
27838
27837
27821
27821
27820
27813
27810
27804
27775
27771
27769
27769
27768
27756
27755
27750
27748
27745
27742
27734
27727
27727
27726
27715
27713
27693
27690
27684
27683
27680
27677
27665
27664
27654
27644
27629
27609
27597
27589
27588
27574
27535
27530
27528
27514
27504
27489
27487
27483
27477
27456
27447
27442
27439
27435
27429
27429
27429
27428
27410
27410
27401
27379
27378
27377
27371
27370
27366
27364
27348
27342
27327
27324
27303
27286
27285
27282
27275
27268
27267
27266
27265
27259
27255
27252
27244
27239
27232
27226
27225
27221
27209
27193
27192
27192
27179
27177
27170
27159
27148
27146
27136
27135
27123
27100
27088
27088
27080
27076
27074
27070
27065
27026
27024
27013
27008
27005
26991
26986
26979
26971
26964
26961
26958
26953
26951
26949
26940
26936
26929
26927
26925
26924
26912
26908
26900
26896
26894
26890
26880
26873
26863
26859
26858
26857
26851
26835
26827
26825
26822
26817
26804
26800
26793
26792
26780
26772
26762
26760
26744
26734
26728
26724
26721
26701
26692
26679
26673
26670
26656
26653
26652
26640
26633
26631
26620
26618
26617
26615
26610
26607
26599
26598
26585
26578
26575
26563
26558
26554
26547
26546
26544
26536
26521
26510
26506
26496
26493
26491
26486
26485
26483
26480
26477
26467
26465
26462
26449
26448
26427
26417
26408
26408
26399
26392
26390
26384
26382
26381
26373
26371
26363
26340
26330
26327
26327
26323
26315
26306
26288
26279
26277
26277
26275
26269
26257
26254
26247
26245
26244
26220
26210
26209
26203
26197
26191
26174
26174
26172
26160
26154
26154
26127
26123
26122
26119
26113
26112
26109
26103
26103
26084
26076
26069
26059
26046
26040
26039
26031
26025
26019
26015
26011
25991
25989
25988
25983
25967
25965
25965
25940
25914
25911
25911
25911
25908
25902
25894
25874
25870
25848
25826
25825
25815
25813
25813
25789
25771
25750
25746
25738
25731
25730
25729
25727
25726
25724
25720
25696
25694
25687
25685
25671
25667
25657
25654
25651
25647
25638
25633
25618
25617
25609
25594
25587
25579
25573
25570
25567
25559
25540
25525
25522
25518
25507
25486
25486
25485
25472
25452
25452
25452
25436
25434
25430
25423
25422
25418
25417
25412
25407
25407
25390
25384
25372
25368
25365
25349
25331
25328
25327
25323
25322
25322
25318
25313
25308
25303
25290
25288
25268
25267
25266
25265
25259
25244
25231
25223
25220
25210
25197
25195
25191
25187
25156
25150
25138
25138
25135
25135
25135
25131
25129
25129
25125
25082
25082
25072
25067
25062
25059
25055
25047
25041
25038
25037
25026
25025
25021
25020
25018
25017
25013
25009
25008
24988
24981
24980
24965
24962
24962
24930
24927
24927
24923
24920
24901
24901
24897
24873
24860
24859
24853
24852
24848
24835
24833
24821
24813
24809
24805
24805
24802
24802
24800
24792
24781
24781
24770
24753
24752
24747
24744
24741
24741
24739
24737
24736
24733
24728
24718
24712
24707
24703
24696
24690
24684
24682
24682
24678
24671
24669
24659
24643
24640
24625
24624
24611
24610
24606
24590
24587
24584
24579
24579
24578
24574
24558
24552
24543
24534
24528
24527
24523
24508
24507
24497
24494
24489
24489
24476
24476
24475
24471
24469
24469
24466
24427
24427
24423
24422
24412
24410
24384
24383
24368
24365
24363
24363
24361
24361
24352
24348
24345
24334
24328
24321
24320
24315
24309
24302
24298
24291
24284
24281
24276
24273
24273
24254
24252
24221
24209
24204
24203
24198
24185
24162
24156
24155
24146
24144
24142
24133
24132
24127
24126
24125
24125
24108
24104
24096
24091
24089
24073
24071
24063
24062
24048
24043
24031
24027
24026
24016
24011
24011
23989
23980
23979
23976
23964
23964
23959
23955
23950
23940
23923
23918
23917
23913
23902
23899
23893
23890
23889
23885
23876
23874
23873
23872
23865
23857
23839
23835
23832
23812
23811
23807
23800
23798
23784
23783
23775
23773
23772
23771
23771
23762
23760
23760
23758
23757
23752
23750
23741
23730
23715
23714
23698
23693
23686
23668
23658
23649
23647
23618
23611
23596
23595
23589
23588
23574
23554
23544
23544
23543
23541
23537
23530
23529
23525
23519
23512
23509
23509
23508
23498
23493
23487
23480
23473
23445
23442
23442
23438
23434
23425
23416
23407
23403
23403
23395
23392
23381
23362
23362
23356
23346
23340
23324
23316
23301
23300
23297
23289
23285
23270
23258
23251
23249
23249
23248
23226
23215
23202
23199
23197
23189
23184
23177
23176
23162
23159
23151
23147
23144
23138
23137
23132
23132
23129
23126
23115
23115
23114
23102
23078
23075
23057
23057
23051
23016
23013
23013
23007
22997
22986
22983
22979
22973
22973
22967
22963
22960
22949
22949
22948
22943
22927
22926
22919
22916
22908
22903
22901
22896
22890
22886
22876
22865
22864
22864
22858
22852
22847
22844
22843
22842
22830
22825
22790
22773
22763
22752
22735
22734
22723
22722
22721
22721
22719
22714
22709
22708
22702
22701
22694
22686
22684
22684
22684
22682
22681
22676
22675
22663
22661
22660
22659
22654
22648
22623
22619
22604
22588
22585
22571
22544
22543
22541
22541
22540
22534
22531
22517
22515
22514
22509
22496
22490
22490
22482
22480
22480
22474
22473
22468
22465
22449
22446
22442
22440
22435
22418
22415
22412
22410
22390
22389
22387
22378
22373
22359
22359
22359
22355
22348
22347
22345
22341
22330
22310
22301
22293
22281
22275
22271
22263
22262
22246
22235
22235
22233
22229
22215
22211
22203
22200
22196
22191
22190
22177
22167
22146
22140
22133
22121
22100
22097
22090
22081
22079
22078
22053
22049
22041
22037
22032
22029
22020
22017
22014
22001
21992
21989
21984
21980
21975
21967
21962
21954
21953
21950
21948
21942
21936
21930
21930
21930
21923
21920
21915
21914
21908
21908
21904
21898
21894
21875
21858
21858
21851
21849
21844
21843
21822
21808
21807
21797
21795
21783
21781
21779
21774
21773
21773
21771
21770
21766
21765
21751
21744
21742
21737
21719
21715
21714
21713
21711
21685
21678
21666
21646
21641
21629
21621
21614
21611
21608
21603
21592
21583
21569
21566
21560
21559
21556
21543
21540
21540
21536
21527
21526
21522
21517
21511
21492
21486
21480
21480
21474
21474
21472
21469
21463
21448
21448
21445
21445
21439
21436
21416
21408
21402
21398
21394
21370
21364
21362
21355
21351
21332
21328
21322
21317
21311
21298
21295
21293
21286
21283
21274
21259
21245
21239
21237
21236
21234
21228
21225
21224
21222
21222
21221
21220
21200
21198
21186
21185
21185
21184
21182
21159
21154
21145
21140
21135
21134
21131
21128
21121
21116
21113
21097
21089
21085
21079
21071
21069
21063
21031
21023
21019
21018
21013
21011
21004
21004
21003
20994
20983
20976
20964
20963
20961
20958
20957
20955
20953
20946
20931
20919
20919
20915
20889
20886
20884
20883
20879
20874
20868
20865
20861
20850
20827
20793
20791
20791
20782
20774
20771
20768
20757
20754
20749
20748
20746
20740
20739
20728
20728
20718
20717
20711
20703
20700
20691
20686
20677
20676
20675
20675
20674
20668
20660
20642
20641
20618
20617
20612
20609
20605
20603
20602
20598
20595
20595
20592
20588
20578
20577
20574
20573
20564
20560
20547
20546
20544
20539
20535
20532
20532
20531
20527
20526
20512
20506
20504
20501
20493
20486
20482
20475
20470
20468
20467
20457
20453
20434
20428
20423
20422
20420
20409
20409
20403
20400
20399
20367
20361
20358
20354
20351
20350
20347
20333
20327
20325
20322
20321
20318
20308
20297
20294
20286
20281
20276
20268
20259
20253
20253
20251
20251
20250
20234
20224
20221
20221
20219
20213
20210
20192
20190
20175
20157
20143
20135
20113
20111
20110
20092
20090
20083
20078
20074
20068
20053
20051
20032
20027
20021
20014
20007
19996
19987
19979
19978
19976
19976
19972
19970
19966
19963
19958
19947
19943
19934
19932
19927
19923
19918
19917
19917
19907
19906
19894
19884
19876
19869
19850
19842
19830
19825
19800
19798
19797
19779
19768
19759
19743
19742
19741
19739
19732
19727
19722
19711
19697
19690
19688
19688
19670
19663
19655
19653
19644
19639
19627
19619
19616
19615
19613
19603
19591
19584
19563
19559
19559
19553
19548
19541
19539
19539
19533
19519
19516
19515
19510
19508
19502
19498
19497
19480
19473
19466
19456
19450
19435
19426
19423
19398
19392
19378
19373
19371
19361
19349
19345
19344
19344
19338
19327
19307
19303
19289
19288
19285
19281
19279
19269
19261
19249
19248
19247
19243
19234
19231
19228
19226
19221
19208
19197
19195
19194
19193
19179
19179
19172
19145
19142
19126
19115
19112
19101
19093
19092
19090
19086
19080
19070
19068
19061
19059
19033
19032
19029
19027
19026
19022
19017
19014
19006
19005
19001
18997
18997
18992
18985
18981
18981
18967
18943
18936
18934
18912
18907
18901
18888
18884
18878
18877
18876
18868
18860
18856
18854
18850
18850
18845
18845
18843
18823
18814
18814
18804
18801
18801
18784
18782
18777
18765
18762
18755
18753
18743
18743
18743
18739
18733
18731
18726
18726
18719
18714
18711
18711
18709
18703
18702
18699
18686
18686
18674
18671
18670
18660
18660
18648
18644
18636
18611
18611
18608
18600
18598
18597
18580
18578
18573
18573
18570
18562
18549
18547
18528
18522
18514
18500
18500
18487
18465
18453
18450
18442
18440
18428
18415
18414
18412
18399
18374
18374
18362
18353
18347
18340
18338
18337
18326
18326
18316
18313
18304
18300
18291
18290
18287
18282
18279
18278
18271
18268
18263
18261
18260
18258
18237
18233
18228
18224
18221
18218
18216
18214
18201
18189
18188
18186
18185
18170
18167
18165
18164
18162
18159
18152
18135
18133
18130
18113
18112
18110
18101
18099
18082
18067
18066
18065
18051
18045
18038
18032
18030
18027
18023
18016
17986
17984
17963
17954
17950
17948
17945
17940
17934
17928
17925
17894
17893
17892
17883
17867
17865
17858
17841
17839
17838
17831
17823
17821
17820
17812
17806
17801
17792
17791
17791
17791
17790
17789
17787
17768
17767
17767
17763
17748
17743
17742
17741
17729
17722
17720
17718
17717
17691
17672
17668
17663
17648
17648
17645
17633
17614
17604
17594
17587
17586
17583
17577
17577
17565
17563
17556
17546
17542
17540
17527
17524
17511
17509
17508
17507
17499
17491
17474
17472
17470
17465
17458
17454
17448
17441
17435
17433
17432
17430
17427
17426
17410
17406
17386
17383
17381
17380
17365
17364
17361
17359
17356
17356
17352
17341
17319
17317
17308
17302
17300
17294
17291
17280
17278
17272
17265
17245
17235
17221
17213
17213
17212
17205
17200
17187
17171
17165
17158
17150
17135
17126
17126
17116
17108
17103
17088
17077
17068
17067
17058
17054
17047
17046
17045
17028
17011
16988
16980
16980
16963
16957
16955
16944
16941
16924
16920
16908
16906
16901
16900
16889
16882
16882
16878
16871
16871
16868
16864
16860
16855
16848
16847
16830
16828
16823
16822
16805
16803
16801
16794
16788
16782
16779
16751
16740
16725
16699
16694
16692
16677
16667
16661
16654
16648
16647
16626
16620
16618
16616
16612
16610
16606
16589
16576
16572
16566
16563
16556
16551
16545
16540
16532
16526
16525
16512
16507
16501
16487
16483
16474
16472
16469
16464
16439
16437
16422
16420
16411
16410
16409
16403
16400
16395
16394
16392
16389
16385
16377
16373
16372
16360
16357
16357
16356
16354
16337
16329
16327
16312
16298
16281
16272
16272
16264
16260
16259
16255
16245
16245
16242
16236
16209
16195
16169
16168
16164
16151
16149
16140
16121
16110
16109
16101
16095
16092
16089
16087
16084
16070
16065
16059
16056
16055
16054
16052
16044
16032
16014
16009
16005
16002
15999
15988
15981
15975
15970
15968
15962
15960
15959
15957
15949
15949
15945
15943
15938
15930
15925
15924
15923
15920
15916
15916
15903
15902
15891
15878
15876
15873
15862
15857
15839
15823
15819
15816
15811
15810
15791
15789
15787
15784
15774
15774
15767
15764
15760
15755
15754
15754
15753
15753
15736
15734
15730
15714
15695
15695
15692
15684
15674
15673
15670
15667
15662
15660
15660
15659
15656
15656
15654
15649
15638
15637
15630
15630
15628
15624
15623
15621
15605
15600
15596
15596
15593
15593
15588
15584
15569
15567
15536
15536
15535
15534
15533
15532
15529
15522
15517
15510
15509
15500
15499
15499
15494
15489
15489
15482
15481
15480
15476
15474
15473
15464
15461
15460
15447
15439
15436
15434
15421
15398
15398
15390
15368
15358
15353
15344
15342
15331
15330
15328
15319
15312
15304
15302
15301
15297
15278
15275
15267
15257
15249
15242
15236
15212
15203
15199
15197
15194
15187
15187
15181
15178
15178
15173
15173
15152
15146
15146
15135
15133
15126
15122
15101
15096
15093
15092
15091
15066
15038
15018
15015
15010
15008
15007
15004
15001
14984
14981
14980
14972
14965
14960
14945
14938
14932
14919
14913
14910
14909
14907
14904
14899
14893
14892
14884
14883
14880
14880
14879
14878
14873
14868
14865
14862
14857
14856
14852
14846
14843
14842
14830
14829
14824
14811
14798
14798
14796
14793
14787
14786
14786
14781
14775
14773
14770
14742
14739
14715
14709
14697
14695
14688
14685
14684
14682
14668
14663
14650
14647
14647
14642
14642
14637
14633
14630
14627
14619
14610
14604
14598
14583
14583
14577
14559
14546
14540
14530
14525
14524
14519
14518
14513
14513
14511
14494
14494
14491
14486
14483
14481
14474
14462
14453
14446
14446
14444
14442
14439
14421
14410
14398
14395
14355
14355
14353
14339
14336
14336
14332
14331
14322
14299
14299
14299
14294
14293
14267
14265
14265
14263
14261
14251
14250
14247
14241
14238
14237
14214
14212
14210
14197
14191
14189
14183
14179
14162
14152
14151
14149
14148
14145
14140
14138
14128
14123
14115
14110
14101
14099
14092
14079
14059
14057
14055
14054
14040
14040
14039
14036
14028
14027
14022
14020
14014
14012
14010
14008
14003
13997
13989
13987
13987
13987
13982
13976
13966
13953
13948
13948
13942
13921
13916
13916
13914
13907
13899
13882
13875
13871
13864
13853
13851
13843
13827
13819
13816
13808
13802
13800
13783
13783
13764
13754
13746
13740
13737
13730
13722
13718
13713
13706
13705
13700
13694
13692
13685
13674
13665
13658
13651
13650
13647
13642
13637
13634
13631
13626
13624
13623
13620
13595
13594
13592
13588
13581
13579
13577
13573
13570
13565
13551
13544
13539
13538
13532
13501
13500
13496
13488
13483
13475
13472
13468
13462
13460
13455
13449
13445
13429
13427
13417
13416
13404
13386
13386
13381
13378
13367
13366
13366
13361
13359
13354
13344
13321
13318
13306
13304
13301
13280
13259
13255
13253
13246
13227
13222
13219
13210
13207
13204
13198
13177
13172
13166
13159
13158
13156
13156
13149
13147
13143
13139
13137
13131
13129
13123
13120
13118
13103
13103
13101
13096
13094
13086
13079
13077
13072
13071
13069
13059
13057
13048
13040
13035
13027
13025
13017
13012
13004
12987
12985
12973
12967
12963
12959
12945
12935
12931
12921
12918
12915
12906
12906
12902
12901
12892
12885
12881
12871
12869
12850
12845
12826
12820
12820
12817
12806
12791
12790
12785
12775
12771
12763
12748
12747
12735
12732
12730
12708
12705
12703
12703
12691
12685
12679
12673
12661
12661
12642
12639
12638
12635
12633
12622
12612
12597
12590
12590
12588
12586
12573
12553
12546
12542
12531
12520
12510
12493
12490
12489
12476
12453
12442
12432
12430
12416
12406
12406
12403
12397
12343
12309
12309
12305
12303
12298
12294
12293
12288
12281
12274
12266
12263
12262
12259
12258
12252
12246
12237
12233
12208
12196
12196
12192
12190
12189
12175
12174
12160
12156
12155
12130
12107
12095
12091
12089
12088
12080
12067
12067
12061
12051
12049
12047
12044
12043
12035
12034
12024
12023
12017
12013
12012
12011
12004
11996
11991
11983
11975
11971
11971
11960
11951
11946
11942
11929
11925
11912
11909
11896
11895
11894
11890
11884
11881
11879
11878
11875
11865
11854
11849
11842
11841
11836
11829
11826
11816
11814
11813
11806
11804
11802
11798
11797
11795
11780
11771
11768
11767
11767
11761
11756
11750
11746
11743
11734
11726
11723
11718
11712
11712
11711
11708
11708
11701
11688
11679
11668
11667
11661
11658
11651
11636
11627
11624
11617
11602
11584
11579
11579
11562
11543
11537
11532
11529
11520
11515
11515
11510
11496
11493
11487
11485
11480
11470
11468
11454
11453
11443
11443
11439
11436
11423
11422
11408
11400
11395
11390
11382
11355
11352
11347
11341
11326
11326
11316
11306
11294
11289
11287
11198
11188
11187
11179
11178
11170
11167
11152
11141
11141
11126
11125
11107
11101
11096
11096
11089
11087
11086
11078
11057
11045
11034
11030
11029
11023
11019
11015
11006
11001
10997
10994
10993
10983
10981
10962
10961
10950
10949
10948
10944
10940
10929
10916
10914
10913
10908
10904
10897
10880
10871
10871
10865
10858
10856
10856
10846
10841
10840
10839
10830
10828
10826
10800
10795
10786
10773
10769
10764
10764
10764
10754
10751
10746
10742
10738
10729
10706
10703
10695
10692
10689
10677
10660
10658
10654
10651
10645
10632
10625
10623
10621
10617
10616
10614
10612
10612
10608
10601
10590
10576
10574
10569
10567
10566
10557
10556
10551
10549
10547
10540
10533
10511
10507
10506
10501
10484
10480
10463
10456
10449
10448
10434
10432
10419
10417
10398
10394
10388
10384
10381
10358
10350
10348
10333
10332
10328
10327
10324
10319
10312
10296
10294
10282
10278
10267
10263
10253
10248
10245
10237
10233
10210
10208
10175
10170
10168
10166
10154
10140
10136
10125
10124
10118
10113
10107
10095
10091
10080
10064
10063
10060
10051
10047
10046
10029
10014
10012
9994
9990
9985
9984
9969
9968
9967
9962
9960
9959
9954
9954
9949
9947
9942
9930
9922
9908
9897
9894
9888
9886
9885
9878
9877
9870
9857
9853
9849
9841
9837
9823
9814
9805
9804
9803
9802
9794
9780
9780
9778
9772
9768
9765
9765
9749
9744
9743
9743
9741
9721
9716
9716
9715
9713
9710
9704
9703
9703
9698
9694
9670
9663
9660
9660
9645
9640
9630
9620
9615
9607
9597
9594
9590
9584
9582
9576
9565
9562
9550
9527
9523
9514
9508
9494
9487
9484
9483
9481
9481
9480
9475
9470
9468
9454
9454
9452
9444
9432
9430
9398
9391
9383
9377
9377
9373
9366
9355
9353
9352
9343
9340
9325
9321
9319
9306
9289
9284
9284
9265
9236
9236
9219
9218
9217
9216
9209
9203
9195
9192
9182
9180
9178
9177
9175
9168
9166
9148
9145
9137
9134
9125
9124
9121
9120
9120
9114
9103
9102
9101
9099
9088
9086
9076
9071
9068
9059
9055
9049
9047
9031
9027
8988
8987
8977
8977
8975
8973
8968
8967
8963
8960
8956
8951
8947
8943
8933
8931
8922
8906
8901
8898
8897
8896
8896
8895
8890
8866
8856
8854
8852
8849
8846
8846
8844
8839
8834
8808
8795
8793
8792
8787
8787
8780
8776
8750
8738
8730
8728
8725
8724
8721
8719
8711
8708
8695
8693
8693
8690
8688
8681
8678
8673
8672
8670
8665
8661
8661
8650
8646
8627
8617
8604
8599
8586
8573
8571
8560
8556
8555
8545
8543
8536
8519
8514
8511
8501
8500
8498
8484
8479
8473
8462
8456
8453
8451
8450
8444
8441
8434
8424
8421
8420
8418
8410
8405
8402
8394
8384
8383
8376
8370
8367
8361
8351
8351
8349
8337
8334
8332
8323
8319
8316
8312
8312
8305
8296
8295
8293
8293
8277
8276
8263
8260
8253
8253
8249
8236
8226
8225
8219
8215
8207
8206
8202
8201
8176
8170
8162
8160
8145
8134
8132
8129
8125
8114
8096
8092
8091
8088
8077
8060
8059
8049
8048
8047
8046
8039
8038
8037
8028
8023
8017
8017
8004
7998
7987
7986
7984
7960
7955
7947
7946
7945
7944
7940
7938
7934
7928
7913
7908
7901
7890
7872
7871
7862
7859
7849
7842
7840
7837
7829
7826
7821
7805
7800
7799
7794
7793
7783
7776
7765
7759
7755
7729
7718
7675
7669
7657
7633
7627
7582
7580
7579
7561
7542
7523
7520
7515
7509
7494
7468
7449
7447
7445
7435
7429
7424
7410
7409
7387
7383
7379
7365
7364
7360
7330
7329
7312
7304
7283
7283
7282
7273
7263
7244
7232
7223
7210
7206
7196
7191
7185
7169
7162
7161
7161
7160
7155
7153
7151
7146
7145
7139
7132
7129
7128
7098
7092
7087
7084
7082
7071
7067
7064
7062
7062
7062
7058
7030
7020
7017
7001
6997
6995
6979
6966
6962
6958
6957
6941
6938
6936
6933
6922
6908
6905
6899
6899
6896
6894
6853
6849
6841
6837
6829
6829
6825
6823
6819
6816
6812
6810
6808
6799
6797
6793
6784
6779
6774
6766
6761
6761
6754
6753
6752
6746
6743
6743
6743
6742
6737
6735
6732
6728
6726
6723
6713
6706
6696
6695
6690
6680
6655
6654
6652
6642
6634
6625
6619
6617
6604
6594
6584
6584
6564
6561
6558
6553
6550
6544
6540
6537
6527
6526
6511
6501
6499
6489
6484
6482
6481
6481
6476
6474
6453
6443
6442
6419
6413
6412
6412
6411
6407
6404
6403
6398
6392
6384
6384
6383
6383
6381
6378
6378
6369
6360
6355
6353
6352
6349
6347
6347
6338
6335
6332
6322
6320
6319
6312
6305
6298
6290
6289
6255
6252
6248
6246
6245
6222
6177
6170
6170
6160
6148
6146
6141
6123
6115
6113
6104
6092
6091
6088
6080
6078
6063
6062
6060
6044
6042
6041
6038
6038
6035
6032
6029
6027
6020
6016
6014
6000
5982
5980
5961
5961
5960
5956
5950
5924
5921
5919
5903
5889
5886
5882
5879
5875
5875
5855
5834
5834
5827
5826
5801
5798
5793
5782
5773
5765
5762
5759
5758
5757
5742
5732
5727
5714
5713
5710
5710
5702
5675
5669
5666
5664
5664
5662
5659
5656
5651
5651
5638
5637
5636
5632
5632
5627
5620
5607
5603
5601
5593
5587
5584
5583
5575
5537
5535
5527
5521
5518
5516
5502
5500
5493
5477
5474
5456
5451
5450
5446
5445
5421
5400
5398
5397
5377
5369
5366
5361
5356
5342
5334
5316
5308
5308
5301
5296
5278
5267
5264
5262
5248
5241
5232
5228
5215
5214
5206
5196
5196
5194
5193
5188
5177
5176
5169
5154
5154
5152
5131
5126
5124
5116
5107
5104
5096
5096
5095
5071
5062
5058
5057
5052
5045
5045
5038
5038
5035
5033
5029
5018
5017
5017
5014
5014
5006
4993
4989
4988
4981
4980
4978
4969
4961
4951
4932
4923
4917
4903
4884
4884
4881
4879
4872
4866
4863
4857
4856
4852
4800
4786
4779
4771
4771
4765
4750
4738
4727
4694
4690
4686
4684
4680
4680
4679
4670
4637
4632
4630
4622
4612
4607
4606
4598
4584
4579
4570
4563
4548
4537
4535
4524
4523
4522
4520
4519
4518
4512
4493
4485
4482
4482
4480
4479
4475
4471
4470
4469
4466
4455
4454
4452
4448
4445
4431
4423
4421
4420
4419
4416
4413
4405
4402
4398
4395
4394
4389
4388
4382
4380
4378
4370
4365
4362
4360
4336
4334
4326
4316
4308
4306
4303
4295
4289
4288
4287
4277
4277
4260
4260
4247
4236
4222
4216
4212
4201
4193
4182
4180
4180
4178
4151
4142
4119
4119
4107
4105
4102
4096
4090
4075
4062
4060
4058
4056
4048
4041
4037
4030
4028
4025
4019
4003
3990
3978
3978
3974
3966
3959
3958
3954
3952
3950
3946
3935
3935
3932
3924
3917
3896
3889
3888
3885
3879
3862
3859
3856
3855
3850
3845
3841
3835
3822
3820
3805
3802
3797
3782
3763
3762
3752
3752
3738
3734
3730
3720
3719
3704
3682
3678
3663
3657
3648
3619
3618
3618
3616
3600
3578
3577
3568
3565
3557
3556
3553
3547
3547
3546
3540
3535
3529
3518
3515
3511
3507
3497
3484
3484
3470
3469
3463
3460
3457
3453
3439
3436
3424
3420
3419
3416
3409
3392
3392
3391
3388
3384
3380
3379
3375
3367
3351
3351
3348
3341
3329
3316
3315
3300
3296
3292
3284
3280
3280
3273
3269
3266
3255
3248
3246
3244
3243
3236
3236
3229
3229
3224
3205
3196
3195
3187
3173
3173
3148
3135
3129
3126
3115
3113
3111
3110
3109
3108
3105
3104
3088
3087
3075
3075
3072
3055
3031
3030
3030
3019
2991
2981
2981
2967
2960
2942
2935
2909
2884
2877
2863
2852
2847
2847
2815
2811
2811
2810
2804
2803
2791
2785
2778
2767
2761
2757
2751
2743
2743
2742
2720
2715
2712
2711
2706
2704
2703
2703
2693
2692
2687
2667
2662
2658
2655
2649
2643
2638
2633
2632
2624
2616
2613
2613
2603
2600
2600
2572
2568
2568
2557
2551
2551
2543
2528
2513
2511
2509
2505
2501
2493
2481
2481
2477
2467
2461
2455
2451
2445
2437
2437
2423
2416
2412
2411
2408
2407
2406
2404
2395
2388
2382
2382
2377
2372
2367
2327
2325
2320
2290
2285
2277
2277
2276
2275
2260
2259
2250
2246
2246
2237
2226
2222
2221
2217
2216
2193
2186
2185
2174
2172
2169
2167
2163
2149
2146
2144
2140
2139
2133
2131
2129
2125
2124
2122
2119
2113
2108
2106
2089
2082
2078
2058
2054
2054
2052
2043
2042
2038
2032
2029
2021
2009
2001
1999
1992
1983
1960
1954
1947
1944
1942
1933
1920
1903
1902
1896
1888
1887
1882
1879
1852
1846
1845
1845
1835
1833
1821
1808
1771
1771
1766
1764
1755
1755
1746
1740
1734
1732
1728
1718
1715
1715
1709
1706
1705
1704
1701
1688
1688
1682
1678
1677
1675
1638
1635
1627
1602
1594
1593
1591
1590
1586
1583
1583
1578
1554
1549
1546
1538
1534
1534
1534
1531
1530
1527
1502
1501
1500
1496
1489
1483
1474
1462
1448
1445
1440
1440
1439
1435
1422
1422
1421
1412
1406
1387
1379
1379
1378
1376
1373
1359
1350
1348
1340
1330
1330
1327
1324
1323
1321
1318
1316
1316
1312
1308
1307
1292
1291
1287
1277
1274
1253
1251
1251
1250
1243
1225
1211
1206
1205
1205
1205
1196
1181
1170
1169
1168
1165
1158
1152
1142
1130
1114
1105
1085
1080
1078
1071
1068
1057
1029
1022
1018
1017
1016
1011
1011
1004
1004
982
982
968
967
960
957
945
927
890
890
888
886
878
878
869
858
857
855
830
791
776
768
758
749
727
722
722
719
712
711
706
700
694
685
685
669
661
628
627
626
617
612
611
607
601
600
599
597
594
561
546
544
538
528
527
518
510
507
502
491
480
465
458
457
451
447
434
430
408
407
402
401
396
378
378
378
376
376
372
368
362
360
360
337
330
324
317
313
306
305
298
297
295
273
265
253
251
247
244
236
234
220
214
213
211
185
178
167
165
153
150
146
142
137
135
131
130
115
108
96
89
81
55
49
47
45
33
14
10
