5000
10
14
33
45
47
49
55
81
89
96
108
115
130
131
135
137
142
146
150
153
165
167
178
185
211
213
214
220
234
236
244
247
251
253
265
273
295
297
298
305
306
313
317
324
330
337
360
360
362
368
372
376
376
378
378
378
396
401
402
407
408
430
434
447
451
457
458
465
480
491
502
507
510
518
527
528
538
544
546
561
594
597
599
600
601
607
611
612
617
626
627
628
661
669
685
685
694
700
706
711
712
719
722
722
727
749
758
768
776
791
830
855
857
858
869
878
878
886
888
890
890
927
945
957
960
967
968
982
982
1004
1004
1011
1011
1016
1017
1018
1022
1029
1057
1068
1071
1078
1080
1085
1105
1114
1130
1142
1152
1158
1165
1168
1169
1170
1181
1196
1205
1205
1205
1206
1211
1225
1243
1250
1251
1251
1253
1274
1277
1287
1291
1292
1307
1308
1312
1316
1316
1318
1321
1323
1324
1327
1330
1330
1340
1348
1350
1359
1373
1376
1378
1379
1379
1387
1406
1412
1421
1422
1422
1435
1439
1440
1440
1445
1448
1462
1474
1483
1489
1496
1500
1501
1502
1527
1530
1531
1534
1534
1534
1538
1546
1549
1554
1578
1583
1583
1586
1590
1591
1593
1594
1602
1627
1635
1638
1675
1677
1678
1682
1688
1688
1701
1704
1705
1706
1709
1715
1715
1718
1728
1732
1734
1740
1746
1755
1755
1764
1766
1771
1771
1808
1821
1833
1835
1845
1845
1846
1852
1879
1882
1887
1888
1896
1902
1903
1920
1933
1942
1944
1947
1954
1960
1983
1992
1999
2001
2009
2021
2029
2032
2038
2042
2043
2052
2054
2054
2058
2078
2082
2089
2106
2108
2113
2119
2122
2124
2125
2129
2131
2133
2139
2140
2144
2146
2149
2163
2167
2169
2172
2174
2185
2186
2193
2216
2217
2221
2222
2226
2237
2246
2246
2250
2259
2260
2275
2276
2277
2277
2285
2290
2320
2325
2327
2367
2372
2377
2382
2382
2388
2395
2404
2406
2407
2408
2411
2412
2416
2423
2437
2437
2445
2451
2455
2461
2467
2477
2481
2481
2493
2501
2505
2509
2511
2513
2528
2543
2551
2551
2557
2568
2568
2572
2600
2600
2603
2613
2613
2616
2624
2632
2633
2638
2643
2649
2655
2658
2662
2667
2687
2692
2693
2703
2703
2704
2706
2711
2712
2715
2720
2742
2743
2743
2751
2757
2761
2767
2778
2785
2791
2803
2804
2810
2811
2811
2815
2847
2847
2852
2863
2877
2884
2909
2935
2942
2960
2967
2981
2981
2991
3019
3030
3030
3031
3055
3072
3075
3075
3087
3088
3104
3105
3108
3109
3110
3111
3113
3115
3126
3129
3135
3148
3173
3173
3187
3195
3196
3205
3224
3229
3229
3236
3236
3243
3244
3246
3248
3255
3266
3269
3273
3280
3280
3284
3292
3296
3300
3315
3316
3329
3341
3348
3351
3351
3367
3375
3379
3380
3384
3388
3391
3392
3392
3409
3416
3419
3420
3424
3436
3439
3453
3457
3460
3463
3469
3470
3484
3484
3497
3507
3511
3515
3518
3529
3535
3540
3546
3547
3547
3553
3556
3557
3565
3568
3577
3578
3600
3616
3618
3618
3619
3648
3657
3663
3678
3682
3704
3719
3720
3730
3734
3738
3752
3752
3762
3763
3782
3797
3802
3805
3820
3822
3835
3841
3845
3850
3855
3856
3859
3862
3879
3885
3888
3889
3896
3917
3924
3932
3935
3935
3946
3950
3952
3954
3958
3959
3966
3974
3978
3978
3990
4003
4019
4025
4028
4030
4037
4041
4048
4056
4058
4060
4062
4075
4090
4096
4102
4105
4107
4119
4119
4142
4151
4178
4180
4180
4182
4193
4201
4212
4216
4222
4236
4247
4260
4260
4277
4277
4287
4288
4289
4295
4303
4306
4308
4316
4326
4334
4336
4360
4362
4365
4370
4378
4380
4382
4388
4389
4394
4395
4398
4402
4405
4413
4416
4419
4420
4421
4423
4431
4445
4448
4452
4454
4455
4466
4469
4470
4471
4475
4479
4480
4482
4482
4485
4493
4512
4518
4519
4520
4522
4523
4524
4535
4537
4548
4563
4570
4579
4584
4598
4606
4607
4612
4622
4630
4632
4637
4670
4679
4680
4680
4684
4686
4690
4694
4727
4738
4750
4765
4771
4771
4779
4786
4800
4852
4856
4857
4863
4866
4872
4879
4881
4884
4884
4903
4917
4923
4932
4951
4961
4969
4978
4980
4981
4988
4989
4993
5006
5014
5014
5017
5017
5018
5029
5033
5035
5038
5038
5045
5045
5052
5057
5058
5062
5071
5095
5096
5096
5104
5107
5116
5124
5126
5131
5152
5154
5154
5169
5176
5177
5188
5193
5194
5196
5196
5206
5214
5215
5228
5232
5241
5248
5262
5264
5267
5278
5296
5301
5308
5308
5316
5334
5342
5356
5361
5366
5369
5377
5397
5398
5400
5421
5445
5446
5450
5451
5456
5474
5477
5493
5500
5502
5516
5518
5521
5527
5535
5537
5575
5583
5584
5587
5593
5601
5603
5607
5620
5627
5632
5632
5636
5637
5638
5651
5651
5656
5659
5662
5664
5664
5666
5669
5675
5702
5710
5710
5713
5714
5727
5732
5742
5757
5758
5759
5762
5765
5773
5782
5793
5798
5801
5826
5827
5834
5834
5855
5875
5875
5879
5882
5886
5889
5903
5919
5921
5924
5950
5956
5960
5961
5961
5980
5982
6000
6014
6016
6020
6027
6029
6032
6035
6038
6038
6041
6042
6044
6060
6062
6063
6078
6080
6088
6091
6092
6104
6113
6115
6123
6141
6146
6148
6160
6170
6170
6177
6222
6245
6246
6248
6252
6255
6289
6290
6298
6305
6312
6319
6320
6322
6332
6335
6338
6347
6347
6349
6352
6353
6355
6360
6369
6378
6378
6381
6383
6383
6384
6384
6392
6398
6403
6404
6407
6411
6412
6412
6413
6419
6442
6443
6453
6474
6476
6481
6481
6482
6484
6489
6499
6501
6511
6526
6527
6537
6540
6544
6550
6553
6558
6561
6564
6584
6584
6594
6604
6617
6619
6625
6634
6642
6652
6654
6655
6680
6690
6695
6696
6706
6713
6723
6726
6728
6732
6735
6737
6742
6743
6743
6743
6746
6752
6753
6754
6761
6761
6766
6774
6779
6784
6793
6797
6799
6808
6810
6812
6816
6819
6823
6825
6829
6829
6837
6841
6849
6853
6894
6896
6899
6899
6905
6908
6922
6933
6936
6938
6941
6957
6958
6962
6966
6979
6995
6997
7001
7017
7020
7030
7058
7062
7062
7062
7064
7067
7071
7082
7084
7087
7092
7098
7128
7129
7132
7139
7145
7146
7151
7153
7155
7160
7161
7161
7162
7169
7185
7191
7196
7206
7210
7223
7232
7244
7263
7273
7282
7283
7283
7304
7312
7329
7330
7360
7364
7365
7379
7383
7387
7409
7410
7424
7429
7435
7445
7447
7449
7468
7494
7509
7515
7520
7523
7542
7561
7579
7580
7582
7627
7633
7657
7669
7675
7718
7729
7755
7759
7765
7776
7783
7793
7794
7799
7800
7805
7821
7826
7829
7837
7840
7842
7849
7859
7862
7871
7872
7890
7901
7908
7913
7928
7934
7938
7940
7944
7945
7946
7947
7955
7960
7984
7986
7987
7998
8004
8017
8017
8023
8028
8037
8038
8039
8046
8047
8048
8049
8059
8060
8077
8088
8091
8092
8096
8114
8125
8129
8132
8134
8145
8160
8162
8170
8176
8201
8202
8206
8207
8215
8219
8225
8226
8236
8249
8253
8253
8260
8263
8276
8277
8293
8293
8295
8296
8305
8312
8312
8316
8319
8323
8332
8334
8337
8349
8351
8351
8361
8367
8370
8376
8383
8384
8394
8402
8405
8410
8418
8420
8421
8424
8434
8441
8444
8450
8451
8453
8456
8462
8473
8479
8484
8498
8500
8501
8511
8514
8519
8536
8543
8545
8555
8556
8560
8571
8573
8586
8599
8604
8617
8627
8646
8650
8661
8661
8665
8670
8672
8673
8678
8681
8688
8690
8693
8693
8695
8708
8711
8719
8721
8724
8725
8728
8730
8738
8750
8776
8780
8787
8787
8792
8793
8795
8808
8834
8839
8844
8846
8846
8849
8852
8854
8856
8866
8890
8895
8896
8896
8897
8898
8901
8906
8922
8931
8933
8943
8947
8951
8956
8960
8963
8967
8968
8973
8975
8977
8977
8987
8988
9027
9031
9047
9049
9055
9059
9068
9071
9076
9086
9088
9099
9101
9102
9103
9114
9120
9120
9121
9124
9125
9134
9137
9145
9148
9166
9168
9175
9177
9178
9180
9182
9192
9195
9203
9209
9216
9217
9218
9219
9236
9236
9265
9284
9284
9289
9306
9319
9321
9325
9340
9343
9352
9353
9355
9366
9373
9377
9377
9383
9391
9398
9430
9432
9444
9452
9454
9454
9468
9470
9475
9480
9481
9481
9483
9484
9487
9494
9508
9514
9523
9527
9550
9562
9565
9576
9582
9584
9590
9594
9597
9607
9615
9620
9630
9640
9645
9660
9660
9663
9670
9694
9698
9703
9703
9704
9710
9713
9715
9716
9716
9721
9741
9743
9743
9744
9749
9765
9765
9768
9772
9778
9780
9780
9794
9802
9803
9804
9805
9814
9823
9837
9841
9849
9853
9857
9870
9877
9878
9885
9886
9888
9894
9897
9908
9922
9930
9942
9947
9949
9954
9954
9959
9960
9962
9967
9968
9969
9984
9985
9990
9994
10012
10014
10029
10046
10047
10051
10060
10063
10064
10080
10091
10095
10107
10113
10118
10124
10125
10136
10140
10154
10166
10168
10170
10175
10208
10210
10233
10237
10245
10248
10253
10263
10267
10278
10282
10294
10296
10312
10319
10324
10327
10328
10332
10333
10348
10350
10358
10381
10384
10388
10394
10398
10417
10419
10432
10434
10448
10449
10456
10463
10480
10484
10501
10506
10507
10511
10533
10540
10547
10549
10551
10556
10557
10566
10567
10569
10574
10576
10590
10601
10608
10612
10612
10614
10616
10617
10621
10623
10625
10632
10645
10651
10654
10658
10660
10677
10689
10692
10695
10703
10706
10729
10738
10742
10746
10751
10754
10764
10764
10764
10769
10773
10786
10795
10800
10826
10828
10830
10839
10840
10841
10846
10856
10856
10858
10865
10871
10871
10880
10897
10904
10908
10913
10914
10916
10929
10940
10944
10948
10949
10950
10961
10962
10981
10983
10993
10994
10997
11001
11006
11015
11019
11023
11029
11030
11034
11045
11057
11078
11086
11087
11089
11096
11096
11101
11107
11125
11126
11141
11141
11152
11167
11170
11178
11179
11187
11188
11198
11287
11289
11294
11306
11316
11326
11326
11341
11347
11352
11355
11382
11390
11395
11400
11408
11422
11423
11436
11439
11443
11443
11453
11454
11468
11470
11480
11485
11487
11493
11496
11510
11515
11515
11520
11529
11532
11537
11543
11562
11579
11579
11584
11602
11617
11624
11627
11636
11651
11658
11661
11667
11668
11679
11688
11701
11708
11708
11711
11712
11712
11718
11723
11726
11734
11743
11746
11750
11756
11761
11767
11767
11768
11771
11780
11795
11797
11798
11802
11804
11806
11813
11814
11816
11826
11829
11836
11841
11842
11849
11854
11865
11875
11878
11879
11881
11884
11890
11894
11895
11896
11909
11912
11925
11929
11942
11946
11951
11960
11971
11971
11975
11983
11991
11996
12004
12011
12012
12013
12017
12023
12024
12034
12035
12043
12044
12047
12049
12051
12061
12067
12067
12080
12088
12089
12091
12095
12107
12130
12155
12156
12160
12174
12175
12189
12190
12192
12196
12196
12208
12233
12237
12246
12252
12258
12259
12262
12263
12266
12274
12281
12288
12293
12294
12298
12303
12305
12309
12309
12343
12397
12403
12406
12406
12416
12430
12432
12442
12453
12476
12489
12490
12493
12510
12520
12531
12542
12546
12553
12573
12586
12588
12590
12590
12597
12612
12622
12633
12635
12638
12639
12642
12661
12661
12673
12679
12685
12691
12703
12703
12705
12708
12730
12732
12735
12747
12748
12763
12771
12775
12785
12790
12791
12806
12817
12820
12820
12826
12845
12850
12869
12871
12881
12885
12892
12901
12902
12906
12906
12915
12918
12921
12931
12935
12945
12959
12963
12967
12973
12985
12987
13004
13012
13017
13025
13027
13035
13040
13048
13057
13059
13069
13071
13072
13077
13079
13086
13094
13096
13101
13103
13103
13118
13120
13123
13129
13131
13137
13139
13143
13147
13149
13156
13156
13158
13159
13166
13172
13177
13198
13204
13207
13210
13219
13222
13227
13246
13253
13255
13259
13280
13301
13304
13306
13318
13321
13344
13354
13359
13361
13366
13366
13367
13378
13381
13386
13386
13404
13416
13417
13427
13429
13445
13449
13455
13460
13462
13468
13472
13475
13483
13488
13496
13500
13501
13532
13538
13539
13544
13551
13565
13570
13573
13577
13579
13581
13588
13592
13594
13595
13620
13623
13624
13626
13631
13634
13637
13642
13647
13650
13651
13658
13665
13674
13685
13692
13694
13700
13705
13706
13713
13718
13722
13730
13737
13740
13746
13754
13764
13783
13783
13800
13802
13808
13816
13819
13827
13843
13851
13853
13864
13871
13875
13882
13899
13907
13914
13916
13916
13921
13942
13948
13948
13953
13966
13976
13982
13987
13987
13987
13989
13997
14003
14008
14010
14012
14014
14020
14022
14027
14028
14036
14039
14040
14040
14054
14055
14057
14059
14079
14092
14099
14101
14110
14115
14123
14128
14138
14140
14145
14148
14149
14151
14152
14162
14179
14183
14189
14191
14197
14210
14212
14214
14237
14238
14241
14247
14250
14251
14261
14263
14265
14265
14267
14293
14294
14299
14299
14299
14322
14331
14332
14336
14336
14339
14353
14355
14355
14395
14398
14410
14421
14439
14442
14444
14446
14446
14453
14462
14474
14481
14483
14486
14491
14494
14494
14511
14513
14513
14518
14519
14524
14525
14530
14540
14546
14559
14577
14583
14583
14598
14604
14610
14619
14627
14630
14633
14637
14642
14642
14647
14647
14650
14663
14668
14682
14684
14685
14688
14695
14697
14709
14715
14739
14742
14770
14773
14775
14781
14786
14786
14787
14793
14796
14798
14798
14811
14824
14829
14830
14842
14843
14846
14852
14856
14857
14862
14865
14868
14873
14878
14879
14880
14880
14883
14884
14892
14893
14899
14904
14907
14909
14910
14913
14919
14932
14938
14945
14960
14965
14972
14980
14981
14984
15001
15004
15007
15008
15010
15015
15018
15038
15066
15091
15092
15093
15096
15101
15122
15126
15133
15135
15146
15146
15152
15173
15173
15178
15178
15181
15187
15187
15194
15197
15199
15203
15212
15236
15242
15249
15257
15267
15275
15278
15297
15301
15302
15304
15312
15319
15328
15330
15331
15342
15344
15353
15358
15368
15390
15398
15398
15421
15434
15436
15439
15447
15460
15461
15464
15473
15474
15476
15480
15481
15482
15489
15489
15494
15499
15499
15500
15509
15510
15517
15522
15529
15532
15533
15534
15535
15536
15536
15567
15569
15584
15588
15593
15593
15596
15596
15600
15605
15621
15623
15624
15628
15630
15630
15637
15638
15649
15654
15656
15656
15659
15660
15660
15662
15667
15670
15673
15674
15684
15692
15695
15695
15714
15730
15734
15736
15753
15753
15754
15754
15755
15760
15764
15767
15774
15774
15784
15787
15789
15791
15810
15811
15816
15819
15823
15839
15857
15862
15873
15876
15878
15891
15902
15903
15916
15916
15920
15923
15924
15925
15930
15938
15943
15945
15949
15949
15957
15959
15960
15962
15968
15970
15975
15981
15988
15999
16002
16005
16009
16014
16032
16044
16052
16054
16055
16056
16059
16065
16070
16084
16087
16089
16092
16095
16101
16109
16110
16121
16140
16149
16151
16164
16168
16169
16195
16209
16236
16242
16245
16245
16255
16259
16260
16264
16272
16272
16281
16298
16312
16327
16329
16337
16354
16356
16357
16357
16360
16372
16373
16377
16385
16389
16392
16394
16395
16400
16403
16409
16410
16411
16420
16422
16437
16439
16464
16469
16472
16474
16483
16487
16501
16507
16512
16525
16526
16532
16540
16545
16551
16556
16563
16566
16572
16576
16589
16606
16610
16612
16616
16618
16620
16626
16647
16648
16654
16661
16667
16677
16692
16694
16699
16725
16740
16751
16779
16782
16788
16794
16801
16803
16805
16822
16823
16828
16830
16847
16848
16855
16860
16864
16868
16871
16871
16878
16882
16882
16889
16900
16901
16906
16908
16920
16924
16941
16944
16955
16957
16963
16980
16980
16988
17011
17028
17045
17046
17047
17054
17058
17067
17068
17077
17088
17103
17108
17116
17126
17126
17135
17150
17158
17165
17171
17187
17200
17205
17212
17213
17213
17221
17235
17245
17265
17272
17278
17280
17291
17294
17300
17302
17308
17317
17319
17341
17352
17356
17356
17359
17361
17364
17365
17380
17381
17383
17386
17406
17410
17426
17427
17430
17432
17433
17435
17441
17448
17454
17458
17465
17470
17472
17474
17491
17499
17507
17508
17509
17511
17524
17527
17540
17542
17546
17556
17563
17565
17577
17577
17583
17586
17587
17594
17604
17614
17633
17645
17648
17648
17663
17668
17672
17691
17717
17718
17720
17722
17729
17741
17742
17743
17748
17763
17767
17767
17768
17787
17789
17790
17791
17791
17791
17792
17801
17806
17812
17820
17821
17823
17831
17838
17839
17841
17858
17865
17867
17883
17892
17893
17894
17925
17928
17934
17940
17945
17948
17950
17954
17963
17984
17986
18016
18023
18027
18030
18032
18038
18045
18051
18065
18066
18067
18082
18099
18101
18110
18112
18113
18130
18133
18135
18152
18159
18162
18164
18165
18167
18170
18185
18186
18188
18189
18201
18214
18216
18218
18221
18224
18228
18233
18237
18258
18260
18261
18263
18268
18271
18278
18279
18282
18287
18290
18291
18300
18304
18313
18316
18326
18326
18337
18338
18340
18347
18353
18362
18374
18374
18399
18412
18414
18415
18428
18440
18442
18450
18453
18465
18487
18500
18500
18514
18522
18528
18547
18549
18562
18570
18573
18573
18578
18580
18597
18598
18600
18608
18611
18611
18636
18644
18648
18660
18660
18670
18671
18674
18686
18686
18699
18702
18703
18709
18711
18711
18714
18719
18726
18726
18731
18733
18739
18743
18743
18743
18753
18755
18762
18765
18777
18782
18784
18801
18801
18804
18814
18814
18823
18843
18845
18845
18850
18850
18854
18856
18860
18868
18876
18877
18878
18884
18888
18901
18907
18912
18934
18936
18943
18967
18981
18981
18985
18992
18997
18997
19001
19005
19006
19014
19017
19022
19026
19027
19029
19032
19033
19059
19061
19068
19070
19080
19086
19090
19092
19093
19101
19112
19115
19126
19142
19145
19172
19179
19179
19193
19194
19195
19197
19208
19221
19226
19228
19231
19234
19243
19247
19248
19249
19261
19269
19279
19281
19285
19288
19289
19303
19307
19327
19338
19344
19344
19345
19349
19361
19371
19373
19378
19392
19398
19423
19426
19435
19450
19456
19466
19473
19480
19497
19498
19502
19508
19510
19515
19516
19519
19533
19539
19539
19541
19548
19553
19559
19559
19563
19584
19591
19603
19613
19615
19616
19619
19627
19639
19644
19653
19655
19663
19670
19688
19688
19690
19697
19711
19722
19727
19732
19739
19741
19742
19743
19759
19768
19779
19797
19798
19800
19825
19830
19842
19850
19869
19876
19884
19894
19906
19907
19917
19917
19918
19923
19927
19932
19934
19943
19947
19958
19963
19966
19970
19972
19976
19976
19978
19979
19987
19996
20007
20014
20021
20027
20032
20051
20053
20068
20074
20078
20083
20090
20092
20110
20111
20113
20135
20143
20157
20175
20190
20192
20210
20213
20219
20221
20221
20224
20234
20250
20251
20251
20253
20253
20259
20268
20276
20281
20286
20294
20297
20308
20318
20321
20322
20325
20327
20333
20347
20350
20351
20354
20358
20361
20367
20399
20400
20403
20409
20409
20420
20422
20423
20428
20434
20453
20457
20467
20468
20470
20475
20482
20486
20493
20501
20504
20506
20512
20526
20527
20531
20532
20532
20535
20539
20544
20546
20547
20560
20564
20573
20574
20577
20578
20588
20592
20595
20595
20598
20602
20603
20605
20609
20612
20617
20618
20641
20642
20660
20668
20674
20675
20675
20676
20677
20686
20691
20700
20703
20711
20717
20718
20728
20728
20739
20740
20746
20748
20749
20754
20757
20768
20771
20774
20782
20791
20791
20793
20827
20850
20861
20865
20868
20874
20879
20883
20884
20886
20889
20915
20919
20919
20931
20946
20953
20955
20957
20958
20961
20963
20964
20976
20983
20994
21003
21004
21004
21011
21013
21018
21019
21023
21031
21063
21069
21071
21079
21085
21089
21097
21113
21116
21121
21128
21131
21134
21135
21140
21145
21154
21159
21182
21184
21185
21185
21186
21198
21200
21220
21221
21222
21222
21224
21225
21228
21234
21236
21237
21239
21245
21259
21274
21283
21286
21293
21295
21298
21311
21317
21322
21328
21332
21351
21355
21362
21364
21370
21394
21398
21402
21408
21416
21436
21439
21445
21445
21448
21448
21463
21469
21472
21474
21474
21480
21480
21486
21492
21511
21517
21522
21526
21527
21536
21540
21540
21543
21556
21559
21560
21566
21569
21583
21592
21603
21608
21611
21614
21621
21629
21641
21646
21666
21678
21685
21711
21713
21714
21715
21719
21737
21742
21744
21751
21765
21766
21770
21771
21773
21773
21774
21779
21781
21783
21795
21797
21807
21808
21822
21843
21844
21849
21851
21858
21858
21875
21894
21898
21904
21908
21908
21914
21915
21920
21923
21930
21930
21930
21936
21942
21948
21950
21953
21954
21962
21967
21975
21980
21984
21989
21992
22001
22014
22017
22020
22029
22032
22037
22041
22049
22053
22078
22079
22081
22090
22097
22100
22121
22133
22140
22146
22167
22177
22190
22191
22196
22200
22203
22211
22215
22229
22233
22235
22235
22246
22262
22263
22271
22275
22281
22293
22301
22310
22330
22341
22345
22347
22348
22355
22359
22359
22359
22373
22378
22387
22389
22390
22410
22412
22415
22418
22435
22440
22442
22446
22449
22465
22468
22473
22474
22480
22480
22482
22490
22490
22496
22509
22514
22515
22517
22531
22534
22540
22541
22541
22543
22544
22571
22585
22588
22604
22619
22623
22648
22654
22659
22660
22661
22663
22675
22676
22681
22682
22684
22684
22684
22686
22694
22701
22702
22708
22709
22714
22719
22721
22721
22722
22723
22734
22735
22752
22763
22773
22790
22825
22830
22842
22843
22844
22847
22852
22858
22864
22864
22865
22876
22886
22890
22896
22901
22903
22908
22916
22919
22926
22927
22943
22948
22949
22949
22960
22963
22967
22973
22973
22979
22983
22986
22997
23007
23013
23013
23016
23051
23057
23057
23075
23078
23102
23114
23115
23115
23126
23129
23132
23132
23137
23138
23144
23147
23151
23159
23162
23176
23177
23184
23189
23197
23199
23202
23215
23226
23248
23249
23249
23251
23258
23270
23285
23289
23297
23300
23301
23316
23324
23340
23346
23356
23362
23362
23381
23392
23395
23403
23403
23407
23416
23425
23434
23438
23442
23442
23445
23473
23480
23487
23493
23498
23508
23509
23509
23512
23519
23525
23529
23530
23537
23541
23543
23544
23544
23554
23574
23588
23589
23595
23596
23611
23618
23647
23649
23658
23668
23686
23693
23698
23714
23715
23730
23741
23750
23752
23757
23758
23760
23760
23762
23771
23771
23772
23773
23775
23783
23784
23798
23800
23807
23811
23812
23832
23835
23839
23857
23865
23872
23873
23874
23876
23885
23889
23890
23893
23899
23902
23913
23917
23918
23923
23940
23950
23955
23959
23964
23964
23976
23979
23980
23989
24011
24011
24016
24026
24027
24031
24043
24048
24062
24063
24071
24073
24089
24091
24096
24104
24108
24125
24125
24126
24127
24132
24133
24142
24144
24146
24155
24156
24162
24185
24198
24203
24204
24209
24221
24252
24254
24273
24273
24276
24281
24284
24291
24298
24302
24309
24315
24320
24321
24328
24334
24345
24348
24352
24361
24361
24363
24363
24365
24368
24383
24384
24410
24412
24422
24423
24427
24427
24466
24469
24469
24471
24475
24476
24476
24489
24489
24494
24497
24507
24508
24523
24527
24528
24534
24543
24552
24558
24574
24578
24579
24579
24584
24587
24590
24606
24610
24611
24624
24625
24640
24643
24659
24669
24671
24678
24682
24682
24684
24690
24696
24703
24707
24712
24718
24728
24733
24736
24737
24739
24741
24741
24744
24747
24752
24753
24770
24781
24781
24792
24800
24802
24802
24805
24805
24809
24813
24821
24833
24835
24848
24852
24853
24859
24860
24873
24897
24901
24901
24920
24923
24927
24927
24930
24962
24962
24965
24980
24981
24988
25008
25009
25013
25017
25018
25020
25021
25025
25026
25037
25038
25041
25047
25055
25059
25062
25067
25072
25082
25082
25125
25129
25129
25131
25135
25135
25135
25138
25138
25150
25156
25187
25191
25195
25197
25210
25220
25223
25231
25244
25259
25265
25266
25267
25268
25288
25290
25303
25308
25313
25318
25322
25322
25323
25327
25328
25331
25349
25365
25368
25372
25384
25390
25407
25407
25412
25417
25418
25422
25423
25430
25434
25436
25452
25452
25452
25472
25485
25486
25486
25507
25518
25522
25525
25540
25559
25567
25570
25573
25579
25587
25594
25609
25617
25618
25633
25638
25647
25651
25654
25657
25667
25671
25685
25687
25694
25696
25720
25724
25726
25727
25729
25730
25731
25738
25746
25750
25771
25789
25813
25813
25815
25825
25826
25848
25870
25874
25894
25902
25908
25911
25911
25911
25914
25940
25965
25965
25967
25983
25988
25989
25991
26011
26015
26019
26025
26031
26039
26040
26046
26059
26069
26076
26084
26103
26103
26109
26112
26113
26119
26122
26123
26127
26154
26154
26160
26172
26174
26174
26191
26197
26203
26209
26210
26220
26244
26245
26247
26254
26257
26269
26275
26277
26277
26279
26288
26306
26315
26323
26327
26327
26330
26340
26363
26371
26373
26381
26382
26384
26390
26392
26399
26408
26408
26417
26427
26448
26449
26462
26465
26467
26477
26480
26483
26485
26486
26491
26493
26496
26506
26510
26521
26536
26544
26546
26547
26554
26558
26563
26575
26578
26585
26598
26599
26607
26610
26615
26617
26618
26620
26631
26633
26640
26652
26653
26656
26670
26673
26679
26692
26701
26721
26724
26728
26734
26744
26760
26762
26772
26780
26792
26793
26800
26804
26817
26822
26825
26827
26835
26851
26857
26858
26859
26863
26873
26880
26890
26894
26896
26900
26908
26912
26924
26925
26927
26929
26936
26940
26949
26951
26953
26958
26961
26964
26971
26979
26986
26991
27005
27008
27013
27024
27026
27065
27070
27074
27076
27080
27088
27088
27100
27123
27135
27136
27146
27148
27159
27170
27177
27179
27192
27192
27193
27209
27221
27225
27226
27232
27239
27244
27252
27255
27259
27265
27266
27267
27268
27275
27282
27285
27286
27303
27324
27327
27342
27348
27364
27366
27370
27371
27377
27378
27379
27401
27410
27410
27428
27429
27429
27429
27435
27439
27442
27447
27456
27477
27483
27487
27489
27504
27514
27528
27530
27535
27574
27588
27589
27597
27609
27629
27644
27654
27664
27665
27677
27680
27683
27684
27690
27693
27713
27715
27726
27727
27727
27734
27742
27745
27748
27750
27755
27756
27768
27769
27769
27771
27775
27804
27810
27813
27820
27821
27821
27837
27838
27839
27840
27840
27840
27866
27869
27881
27885
27890
27895
27895
27908
27919
27927
27932
27936
27945
27947
27954
27959
27967
27970
27973
27976
27979
28001
28005
28014
28029
28034
28035
28057
28062
28065
28069
28107
28108
28121
28125
28128
28135
28158
28185
28193
28197
28202
28204
28215
28222
28234
28237
28244
28244
28264
28265
28272
28283
28283
28296
28301
28301
28312
28321
28322
28335
28344
28344
28349
28351
28354
28362
28372
28378
28378
28400
28410
28419
28419
28445
28456
28460
28465
28468
28472
28479
28480
28489
28495
28515
28516
28517
28518
28530
28533
28536
28555
28557
28568
28574
28576
28578
28582
28588
28589
28602
28608
28632
28634
28636
28661
28667
28668
28683
28685
28686
28690
28693
28707
28708
28714
28719
28727
28734
28753
28778
28807
28808
28816
28825
28828
28831
28840
28843
28847
28847
28856
28857
28868
28870
28873
28873
28887
28887
28914
28918
28922
28923
28958
28959
28976
28988
29010
29012
29013
29020
29028
29043
29054
29059
29064
29067
29079
29108
29113
29114
29118
29119
29133
29147
29147
29148
29154
29157
29158
29158
29159
29160
29161
29163
29164
29164
29166
29176
29180
29190
29196
29196
29197
29200
29202
29205
29230
29236
29249
29250
29253
29254
29262
29263
29287
29295
29300
29310
29316
29317
29318
29326
29329
29331
29336
29337
29345
29352
29360
29367
29369
29370
29374
29380
29390
29410
29424
29429
29441
29448
29449
29458
29461
29476
29480
29483
29495
29498
29502
29507
29516
29536
29538
29539
29543
29549
29561
29563
29580
29601
29603
29608
29614
29615
29618
29621
29624
29651
29662
29673
29675
29686
29687
29687
29701
29720
29726
29761
29762
29765
29767
29770
29777
29781
29783
29795
29807
29819
29822
29834
29837
29847
29850
29851
29859
29875
29878
29879
29892
29893
29919
29922
29924
29929
29953
29953
29956
29956
29957
29962
29966
29968
29989
29989
29998
30020
30023
30037
30040
30041
30045
30058
30059
30061
30074
30078
30080
30085
30092
30093
30105
30113
30123
30127
30134
30139
30144
30173
30174
30183
30184
30186
30192
30192
30196
30198
30201
30208
30240
30245
30262
30276
30277
30289
30293
30300
30303
30317
30335
30344
30351
30369
30370
30373
30373
30381
30384
30385
30392
30394
30394
30410
30412
30416
30418
30418
30418
30419
30421
30427
30441
30444
30445
30454
30456
30474
30477
30480
30487
30491
30495
30497
30512
30521
30523
30535
30539
30548
30556
30559
30571
30581
30583
30594
30594
30605
30608
30608
30624
30625
30629
30630
30630
30633
30641
30657
30666
30681
30684
30686
30696
30697
30698
30705
30723
30738
30751
30764
30777
30782
30791
30792
30807
30807
30808
30815
30856
30870
30871
30873
30875
30875
30881
30883
30885
30893
30893
30900
30902
30905
30911
30934
30935
30962
30970
30976
30986
30989
30991
30995
30997
31002
31009
31009
31026
31037
31040
31045
31045
31052
31067
31073
31077
31082
31105
31105
31107
31125
31139
31144
31146
31159
31161
31167
31177
31177
31177
31185
31189
31190
31194
31197
31200
31200
31204
31204
31207
31212
31215
31223
31224
31234
31241
31257
31261
31262
31270
31298
31299
31305
31311
31327
31338
31339
31345
31350
31353
31358
31363
31363
31363
31369
31371
31375
31381
31405
31406
31407
31412
31414
31418
31418
31444
31445
31446
31448
31449
31451
31460
31464
31468
31471
31478
31490
31498
31499
31502
31511
31515
31516
31531
31541
31544
31544
31546
31547
31549
31558
31564
31579
31582
31587
31592
31593
31595
31603
31606
31609
31616
31624
31629
31631
31638
31642
31644
31649
31653
31653
31655
31656
31661
31661
31662
31674
31675
31677
31677
31697
31705
31708
31708
31709
31710
31720
31728
31729
31730
31731
31734
31740
31741
31754
31756
31759
31765
31766
31770
31774
31777
31794
31806
31810
31811
31812
31812
31814
31815
31826
31827
31839
31847
31849
31858
31859
31862
31862
31866
31876
31883
31887
31891
31895
31895
31904
31911
31919
31934
31947
31950
31959
31968
31970
31975
31976
31988
32005
32008
32009
32012
32016
32021
32026
32044
32047
32056
32062
32070
32074
32112
32119
32132
32140
32142
32146
32161
32162
32164
32166
32183
32184
32187
32190
32198
32200
32209
32214
32222
32231
32233
32257
32257
32262
32262
32264
32267
32274
32275
32275
32281
32282
32317
32319
32326
32335
32337
32346
32375
32385
32395
32400
32400
32401
32401
32402
32403
32405
32412
32418
32443
32443
32451
32454
32456
32464
32470
32482
32495
32496
32518
32519
32528
32534
32535
32539
32544
32544
32549
32556
32585
32587
32596
32597
32598
32605
32606
32613
32613
32619
32621
32633
32636
32652
32665
32673
32675
32683
32700
32701
32707
32713
32716
32718
32749
32758
32761
