1000
19268
17702
30837
12052
16190
16795
29987
28959
9761
1578
15123
26301
26688
27429
19802
8831
14965
19534
27076
14288
15381
32503
13931
563
12579
29544
28040
29132
11460
1409
31626
290
16371
16545
17253
14371
118
6854
32045
24681
31761
27381
25315
20155
27641
7900
8079
26071
15499
29622
13454
13934
15678
13935
18734
24689
3287
20232
6264
6539
5596
6974
29005
31983
12106
23654
31925
2131
13706
15516
15987
27196
12194
12060
989
1405
21673
12272
13546
19962
1405
9932
15245
25266
3768
28982
30017
2301
18143
22505
25317
27921
23773
29564
2763
19403
27312
17471
16652
27053
8291
358
18974
31523
6972
25449
2984
25098
15670
28074
16276
25714
6321
31577
23910
16547
17513
5012
11725
16991
11173
18643
15480
15719
11953
10116
7211
4417
10125
30706
12562
6711
9959
22379
30037
13219
32071
27810
27628
12138
25738
15186
13749
26311
23953
23332
31940
18506
5690
5587
10746
1824
27535
12430
6361
20372
23614
25758
15766
9430
32586
19272
29040
19451
21247
16629
22849
26694
30763
912
6739
11430
11659
4144
20852
18047
8068
1015
77
26029
24595
1082
25839
1479
6919
29153
28591
23712
23150
27665
19252
4628
28493
26121
10958
9473
21140
21578
21257
8595
4688
13563
4227
3269
7971
30603
4346
10532
3569
1944
21161
30934
8669
32528
7637
8412
12916
17302
15523
4500
16935
4903
25900
6274
22783
17405
2515
16207
30604
15283
983
7186
13855
25003
19492
30415
25657
4269
13935
26685
15426
19408
25217
21965
32638
15006
22483
28391
3646
12403
32604
3959
20563
17190
28583
11176
456
13547
16168
10479
14289
13688
20688
18508
12798
15975
20191
1485
19380
3804
18426
4435
8670
2663
8829
17560
16608
32556
23058
14961
28364
5953
15235
27473
26073
31063
4812
29455
4881
23709
32629
25577
11593
5089
25374
19144
14422
21496
7772
18630
18558
14689
4035
26093
6701
20773
2372
321
20969
10497
12218
513
30856
10951
30911
11819
1953
18178
15044
19006
6720
13017
865
26179
5598
15670
10217
31758
24464
32551
17474
17090
29054
27524
7155
23443
25751
466
4479
15312
17027
10343
10226
30752
13273
29135
17081
21772
24211
20847
6070
16573
2239
872
1940
6663
21367
11198
20568
26791
8722
28858
20025
27337
412
5260
16050
7118
9348
21045
14805
6219
18069
420
21986
853
3367
18207
10520
20732
14231
20965
7627
6677
13300
28178
19639
23869
27643
28098
20884
20762
24134
11641
19947
11236
22464
14275
3623
1060
24924
19479
1263
11964
13831
19713
4275
15912
21723
22913
16261
1795
917
5550
1323
19917
21833
26270
6002
491
2388
9610
25797
10735
22163
3630
22781
25882
30418
27759
25723
9759
1671
19776
31092
2858
3265
14022
29581
30497
16219
11194
7592
20522
22389
32272
18941
1901
2596
13526
12396
19995
31081
2398
1809
7087
12640
16287
2330
26996
1466
24025
24533
18247
25453
1912
8717
11678
27306
32571
23959
12489
25872
5269
24360
31096
27679
84
11370
9854
21487
29824
25678
31700
11810
25478
31139
737
30999
17045
31720
32760
20320
19273
25182
24867
11127
135
3426
2591
5036
31400
29178
8615
16994
16089
9134
17398
7803
9665
12441
16007
6161
5477
959
14623
15719
4681
16801
28685
7199
27608
21263
25520
17069
2054
4670
8507
30219
4660
19994
2229
28590
4436
6109
13380
14266
10573
3809
25770
28530
2977
7858
5904
8178
23373
25448
10243
24864
2033
10292
10172
27872
25648
13368
17316
29319
31578
22940
26903
16019
27208
31454
1384
2713
16264
31337
1830
2430
9915
18538
1182
1002
25402
735
11169
6394
24064
23536
24200
30517
19140
14979
8820
8642
10341
18699
17115
5592
8331
26272
20032
25717
2700
11861
20545
5203
5516
2246
27863
24600
24041
31728
16602
9420
29142
11590
11203
5265
2373
18945
26294
398
29963
18871
3264
21805
2366
16175
30813
1926
1762
11124
6717
11035
18629
1832
11591
24773
14248
30235
27615
18414
18847
22812
10852
16129
4283
12815
31485
2079
7397
3648
16022
9748
13581
27383
18213
1417
11141
18509
28466
18042
20903
24125
19094
14827
20158
10238
21635
26583
24100
14736
16068
12650
14503
5014
17990
25456
11569
26979
12504
19724
11433
3415
22575
11949
19732
30572
26157
5438
2048
6668
9827
30109
14370
31014
4308
7247
6718
14208
29179
17778
21831
3663
21520
28914
19912
25349
3464
18176
18562
28522
6363
8384
8278
12270
6537
2370
4966
3133
12895
19124
27512
28181
4342
23510
1435
14932
21118
16814
32012
24662
9657
14716
32090
29565
20042
16112
32713
785
27952
17051
30708
9291
12942
9380
13239
25260
23725
18364
29260
2707
10307
20563
30388
527
5622
25612
6489
9202
10524
32111
7409
20775
965
10207
19109
11333
1019
14283
6515
13155
17992
21288
25809
11311
12665
24094
30355
5690
28578
8193
26638
6038
30818
13444
7806
6051
4200
7465
26277
31782
25142
1788
29621
15515
5157
6273
17776
16333
32682
23531
14734
14243
28119
6542
19551
28477
32037
13975
19633
16191
5232
27643
1780
7277
1859
27053
11164
29817
20310
14868
29895
19736
32597
31164
20256
22875
21219
14156
2563
31037
32735
4024
21218
22393
11494
23223
32743
6558
12569
31608
28122
22116
288
10640
30022
17985
28015
17976
15063
25144
5575
4533
24327
25842
13824
21783
20729
25103
12295
21542
18597
26558
30499
7066
11318
24203
16508
32650
25776
7033
7389
24103
26070
22609
24505
31402
27979
1593
30572
1163
15607
11912
6852
7924
21676
21977
28608
31861
28426
5471
3991
25337
17824
24184
3068
11257
24659
7300
22945
5359
29700
10487
17402
29710
5229
17837
20035
9520
15692
4478
9668
17168
30404
11027
2388
185
6400
30199
18972
14142
29465
13809
18845
31660
22842
29842
6389
20797
24066
25866
7517
19406
15145
14912
24055
13971
11623
8993
24263
4874
18321
24887
11518
1069
262
11646
127
31212
841
24436
5788
12506
31471
2672
10784
23079
28604
1332
11411
32718
26633
4037
9401
30991
23400
2939
22108
800
14475
31060
5963
21024
610
12941
30115
11852
18564
3956
4941
29045
32464
28792
23240
30898
30804
23938
28969
24146
2414
12168
2400
4116
5424
30815
31932
5531
2569
7376
19634
6940
4514
21743
29146
5210
30727
1704
7226
