7500
32765
32764
32757
32755
32753
32753
32749
32749
32747
32724
32718
32717
32713
32710
32709
32707
32705
32703
32700
32694
32692
32692
32688
32684
32672
32669
32666
32666
32665
32659
32656
32654
32649
32646
32639
32638
32637
32637
32635
32633
32629
32626
32619
32618
32616
32608
32603
32601
32599
32599
32594
32594
32584
32581
32577
32576
32575
32571
32567
32561
32560
32547
32546
32546
32546
32536
32526
32522
32521
32519
32518
32503
32499
32498
32488
32473
32471
32468
32463
32460
32457
32457
32456
32454
32453
32448
32447
32443
32439
32439
32427
32425
32425
32423
32422
32421
32421
32420
32413
32410
32410
32407
32388
32387
32386
32381
32379
32376
32374
32361
32359
32358
32344
32338
32337
32335
32333
32327
32327
32321
32321
32316
32314
32314
32299
32288
32288
32277
32276
32270
32266
32262
32259
32256
32249
32237
32232
32221
32202
32193
32192
32190
32185
32169
32168
32167
32166
32160
32158
32152
32149
32148
32132
32125
32116
32110
32108
32098
32097
32079
32075
32074
32073
32068
32061
32058
32046
32044
32042
32015
32009
32000
31997
31991
31985
31981
31974
31972
31969
31967
31965
31961
31957
31951
31946
31945
31942
31942
31939
31929
31928
31921
31915
31912
31904
31902
31900
31896
31894
31876
31874
31872
31872
31871
31866
31865
31865
31859
31857
31831
31823
31820
31820
31819
31813
31810
31800
31798
31798
31784
31779
31778
31773
31767
31762
31761
31759
31755
31748
31747
31746
31745
31736
31732
31731
31729
31728
31728
31727
31717
31711
31707
31698
31694
31693
31692
31688
31683
31678
31673
31665
31663
31658
31656
31655
31654
31652
31642
31642
31641
31634
31629
31626
31624
31620
31617
31615
31612
31603
31594
31592
31587
31586
31585
31581
31577
31574
31571
31569
31564
31559
31555
31547
31542
31542
31541
31536
31534
31529
31529
31526
31523
31517
31513
31509
31508
31507
31504
31503
31488
31480
31480
31471
31459
31457
31457
31454
31454
31449
31449
31448
31444
31441
31428
31425
31424
31410
31402
31402
31394
31390
31389
31389
31382
31381
31379
31366
31366
31338
31333
31329
31327
31327
31326
31322
31317
31317
31305
31300
31299
31298
31292
31289
31264
31262
31256
31254
31251
31242
31226
31224
31219
31218
31215
31207
31194
31189
31189
31188
31181
31166
31161
31158
31157
31156
31148
31147
31146
31143
31140
31137
31137
31136
31136
31129
31112
31104
31095
31090
31082
31078
31077
31077
31073
31069
31068
31067
31063
31063
31059
31052
31052
31051
31050
31050
31050
31046
31045
31042
31037
31033
31027
31018
31018
31015
31008
31005
31001
31000
30992
30992
30990
30981
30980
30959
30958
30957
30957
30954
30952
30951
30947
30945
30943
30938
30936
30935
30928
30926
30923
30912
30911
30910
30903
30902
30899
30896
30892
30886
30883
30878
30870
30870
30866
30856
30854
30851
30849
30847
30846
30839
30838
30829
30828
30821
30817
30808
30804
30804
30803
30800
30796
30789
30784
30777
30776
30771
30766
30765
30753
30752
30750
30747
30735
30730
30729
30727
30721
30716
30708
30707
30704
30700
30694
30694
30693
30688
30687
30687
30682
30682
30680
30672
30659
30657
30655
30652
30649
30625
30623
30610
30607
30603
30600
30597
30588
30584
30582
30579
30578
30576
30566
30561
30561
30557
30555
30551
30548
30546
30544
30543
30531
30528
30517
30515
30510
30503
30502
30502
30499
30495
30492
30489
30488
30488
30477
30477
30476
30475
30469
30467
30461
30459
30456
30455
30450
30447
30447
30447
30446
30446
30443
30437
30435
30430
30426
30421
30417
30412
30409
30404
30391
30385
30373
30371
30369
30369
30336
30331
30331
30331
30330
30323
30315
30313
30303
30302
30300
30292
30283
30279
30276
30271
30270
30259
30256
30248
30246
30244
30242
30241
30237
30236
30230
30230
30229
30226
30225
30209
30209
30205
30202
30188
30184
30178
30176
30171
30169
30166
30165
30164
30163
30163
30158
30148
30148
30142
30139
30137
30129
30122
30112
30111
30110
30103
30101
30095
30092
30088
30087
30086
30075
30074
30071
30063
30054
30053
30045
30042
30037
30034
30032
30023
30023
30017
30016
30015
30015
30014
30003
30002
30001
30000
29999
29998
29995
29992
29987
29982
29979
29978
29977
29973
29968
29967
29963
29960
29960
29950
29949
29948
29945
29943
29937
29934
29930
29925
29923
29912
29910
29897
29896
29891
29888
29884
29877
29872
29847
29845
29842
29837
29829
29828
29818
29818
29816
29815
29814
29813
29810
29800
29792
29791
29784
29783
29782
29774
29755
29746
29732
29726
29717
29713
29712
29704
29699
29693
29692
29686
29682
29680
29679
29672
29672
29671
29664
29654
29645
29643
29641
29637
29633
29629
29626
29626
29620
29619
29616
29605
29602
29599
29594
29588
29578
29569
29565
29549
29548
29545
29545
29541
29541
29538
29532
29531
29531
29531
29530
29528
29526
29520
29520
29517
29491
29489
29478
29475
29473
29467
29466
29455
29455
29454
29452
29452
29450
29437
29430
29429
29429
29426
29423
29418
29406
29398
29396
29394
29387
29386
29385
29378
29372
29372
29366
29364
29356
29352
29348
29343
29340
29340
29335
29334
29316
29315
29306
29303
29300
29296
29282
29281
29281
29280
29279
29274
29263
29258
29258
29255
29245
29239
29236
29229
29229
29227
29222
29215
29214
29208
29204
29198
29193
29190
29182
29175
29170
29167
29164
29163
29159
29157
29155
29154
29146
29141
29139
29138
29138
29136
29132
29129
29126
29125
29121
29120
29113
29105
29104
29096
29095
29088
29085
29081
29081
29067
29066
29066
29064
29062
29061
29060
29059
29051
29051
29050
29049
29042
29027
29004
29002
29000
28999
28998
28987
28985
28974
28973
28961
28954
28936
28935
28934
28934
28930
28920
28919
28919
28906
28902
28897
28887
28879
28870
28868
28864
28857
28854
28846
28845
28843
28840
28838
28838
28838
28834
28821
28807
28795
28790
28789
28780
28772
28768
28764
28764
28760
28747
28742
28726
28723
28720
28715
28713
28704
28701
28695
28692
28691
28687
28686
28660
28659
28658
28658
28658
28657
28651
28644
28640
28637
28636
28629
28624
28623
28617
28614
28613
28612
28605
28598
28597
28596
28588
28583
28573
28567
28564
28562
28561
28555
28555
28551
28532
28528
28527
28524
28518
28517
28517
28516
28493
28489
28487
28484
28484
28482
28481
28475
28471
28471
28468
28457
28450
28440
28437
28435
28431
28427
28422
28422
28421
28416
28410
28409
28404
28402
28400
28399
28399
28398
28390
28386
28386
28378
28375
28375
28363
28360
28355
28353
28351
28351
28348
28347
28344
28342
28341
28338
28336
28334
28330
28327
28322
28321
28318
28314
28303
28294
28283
28280
28276
28274
28271
28269
28267
28262
28254
28250
28237
28236
28228
28224
28222
28220
28215
28214
28209
28209
28205
28205
28203
28203
28203
28198
28195
28192
28191
28187
28185
28183
28178
28175
28169
28168
28162
28160
28155
28153
28150
28146
28146
28140
28139
28139
28138
28132
28130
28129
28125
28121
28118
28115
28108
28107
28099
28094
28092
28085
28085
28077
28076
28074
28074
28070
28063
28062
28051
28043
28040
28038
28026
28018
28017
28017
28010
28005
28004
28002
27984
27977
27973
27966
27954
27953
27952
27951
27943
27938
27937
27930
27913
27908
27906
27905
27905
27903
27901
27901
27892
27886
27881
27879
27875
27872
27868
27862
27855
27855
27854
27852
27847
27841
27835
27833
27827
27825
27824
27817
27810
27809
27806
27805
27804
27803
27803
27801
27796
27795
27787
27781
27768
27764
27758
27754
27749
27748
27746
27745
27744
27743
27739
27732
27730
27730
27728
27726
27724
27723
27711
27702
27701
27696
27692
27684
27684
27682
27680
27678
27670
27668
27662
27662
27656
27650
27647
27646
27641
27639
27630
27629
27629
27628
27620
27615
27610
27608
27602
27602
27600
27595
27593
27578
27577
27577
27575
27573
27572
27571
27565
27564
27563
27563
27559
27534
27531
27509
27501
27496
27483
27482
27473
27472
27446
27442
27439
27422
27415
27412
27408
27403
27400
27397
27392
27391
27388
27385
27385
27383
27377
27367
27359
27346
27343
27338
27337
27334
27334
27333
27323
27322
27300
27299
27298
27292
27292
27288
27287
27285
27285
27277
27253
27251
27239
27235
27234
27233
27229
27229
27227
27221
27215
27212
27209
27206
27204
27204
27202
27201
27187
27185
27183
27183
27179
27174
27170
27162
27161
27140
27133
27130
27112
27110
27106
27106
27098
27097
27090
27088
27088
27085
27083
27072
27061
27057
27052
27051
27042
27041
27035
27029
27015
27007
26998
26990
26989
26983
26982
26982
26972
26972
26969
26968
26967
26966
26962
26959
26958
26956
26954
26946
26928
26927
26926
26917
26908
26907
26906
26892
26892
26890
26875
26871
26852
26851
26849
26849
26845
26835
26827
26814
26813
26811
26810
26809
26802
26800
26798
26797
26791
26788
26786
26786
26785
26785
26777
26775
26770
26766
26760
26759
26752
26744
26742
26734
26734
26717
26716
26705
26701
26697
26697
26682
26682
26681
26670
26667
26666
26659
26655
26652
26648
26645
26641
26640
26635
26635
26634
26631
26627
26620
26609
26605
26604
26600
26597
26597
26595
26590
26585
26572
26571
26564
26561
26557
26554
26544
26527
26525
26517
26515
26514
26506
26503
26503
26500
26499
26494
26493
26482
26477
26473
26449
26447
26445
26444
26441
26440
26430
26423
26422
26421
26418
26416
26414
26410
26410
26409
26401
26399
26399
26399
26394
26393
26390
26385
26384
26384
26379
26378
26378
26378
26373
26373
26365
26362
26359
26356
26354
26350
26350
26345
26332
26325
26320
26317
26310
26310
26309
26305
26292
26292
26288
26285
26284
26272
26271
26269
26264
26255
26250
26244
26244
26241
26240
26238
26232
26231
26229
26225
26223
26210
26201
26198
26197
26197
26196
26194
26185
26182
26168
26163
26162
26146
26143
26142
26137
26125
26119
26118
26118
26112
26110
26110
26104
26094
26090
26088
26087
26086
26083
26076
26069
26060
26051
26046
26042
26041
26038
26037
26028
26023
26018
26016
26016
26015
26015
26014
26005
26004
25993
25986
25985
25968
25964
25963
25962
25960
25960
25951
25934
25933
25925
25925
25919
25916
25903
25901
25895
25890
25889
25880
25879
25874
25867
25866
25861
25860
25860
25858
25853
25844
25828
25827
25821
25811
25800
25796
25788
25786
25785
25781
25764
25758
25748
25739
25739
25735
25735
25730
25722
25708
25707
25703
25697
25696
25695
25692
25692
25689
25689
25672
25667
25667
25657
25650
25639
25637
25634
25628
25617
25614
25613
25611
25608
25602
25598
25596
25575
25567
25566
25563
25563
25562
25557
25552
25550
25538
25534
25504
25500
25493
25487
25482
25480
25475
25470
25470
25468
25462
25457
25452
25446
25445
25443
25428
25409
25407
25407
25407
25406
25406
25401
25399
25394
25386
25386
25385
25376
25374
25372
25372
25372
25366
25364
25360
25345
25345
25343
25342
25336
25334
25333
25330
25328
25325
25308
25305
25300
25295
25294
25289
25288
25288
25281
25279
25275
25275
25273
25272
25272
25265
25264
25259
25253
25250
25233
25228
25226
25219
25215
25213
25206
25169
25169
25168
25161
25159
25139
25136
25134
25131
25130
25110
25093
25091
25083
25080
25077
25067
25057
25056
25054
25048
25046
25043
25026
25022
25020
25018
25017
25016
25014
25003
24992
24992
24992
24992
24984
24984
24982
24979
24976
24966
24955
24947
24946
24939
24936
24936
24930
24927
24904
24900
24898
24895
24892
24884
24881
24879
24867
24864
24864
24862
24862
24860
24850
24841
24838
24827
24815
24814
24806
24802
24788
24788
24779
24776
24769
24763
24762
24762
24753
24752
24751
24744
24742
24740
24736
24734
24733
24713
24713
24712
24704
24695
24694
24690
24689
24685
24684
24680
24680
24676
24667
24663
24662
24661
24660
24660
24649
24648
24644
24626
24620
24620
24614
24601
24598
24595
24584
24583
24579
24578
24574
24571
24571
24569
24569
24568
24567
24562
24561
24560
24559
24558
24554
24551
24548
24540
24532
24528
24519
24514
24506
24496
24495
24494
24484
24483
24480
24476
24475
24450
24448
24446
24446
24444
24443
24439
24421
24421
24419
24416
24415
24412
24407
24400
24400
24399
24399
24397
24397
24384
24382
24363
24362
24355
24347
24343
24343
24337
24332
24331
24318
24309
24307
24305
24297
24290
24283
24282
24278
24276
24274
24274
24273
24272
24267
24266
24258
24253
24251
24249
24237
24235
24233
24224
24223
24223
24219
24216
24213
24213
24210
24206
24206
24195
24192
24187
24184
24176
24164
24160
24159
24155
24150
24149
24146
24141
24139
24125
24125
24124
24123
24120
24115
24106
24103
24103
24087
24082
24076
24076
24074
24073
24073
24073
24063
24063
24059
24053
24049
24043
24040
24039
24037
24036
24034
24030
24029
24029
24028
24024
24023
24010
24009
24009
24006
23996
23996
23991
23991
23989
23970
23969
23967
23964
23959
23958
23958
23958
23953
23949
23947
23939
23934
23933
23929
23928
23926
23920
23915
23911
23909
23908
23907
23901
23900
23899
23898
23889
23888
23886
23882
23868
23867
23864
23859
23858
23852
23838
23836
23829
23829
23824
23823
23821
23813
23810
23808
23801
23791
23781
23773
23768
23767
23758
23743
23740
23738
23736
23735
23718
23714
23705
23702
23702
23698
23689
23684
23682
23678
23678
23676
23674
23672
23672
23650
23646
23640
23631
23622
23612
23610
23610
23604
23601
23596
23591
23582
23577
23576
23576
23568
23560
23558
23544
23544
23543
23539
23538
23537
23532
23532
23530
23527
23527
23525
23521
23504
23493
23483
23481
23480
23480
23478
23475
23475
23471
23465
23465
23450
23443
23441
23428
23423
23421
23414
23414
23413
23410
23409
23409
23409
23406
23403
23402
23401
23387
23385
23383
23381
23381
23376
23376
23373
23360
23359
23355
23352
23347
23346
23341
23336
23328
23327
23322
23317
23316
23315
23315
23311
23311
23310
23300
23300
23298
23286
23285
23279
23274
23271
23267
23259
23259
23254
23251
23244
23238
23232
23225
23222
23218
23215
23201
23201
23188
23183
23182
23181
23173
23173
23171
23168
23156
23149
23146
23139
23138
23119
23117
23109
23104
23103
23101
23096
23095
23085
23077
23074
23069
23066
23062
23061
23060
23057
23044
23038
23036
23031
23026
23021
23005
23001
22997
22990
22983
22983
22982
22982
22978
22977
22973
22972
22959
22953
22951
22949
22948
22945
22943
22942
22937
22936
22923
22921
22918
22918
22910
22904
22903
22891
22890
22889
22878
22876
22875
22864
22863
22860
22846
22846
22843
22836
22819
22814
22804
22800
22793
22793
22786
22783
22783
22778
22768
22767
22766
22761
22760
22755
22755
22749
22743
22734
22732
22732
22728
22721
22719
22710
22701
22701
22693
22687
22678
22669
22660
22657
22652
22651
22650
22642
22640
22637
22633
22627
22624
22621
22614
22605
22605
22597
22592
22583
22572
22572
22571
22566
22557
22553
22550
22535
22530
22525
22520
22516
22512
22506
22494
22490
22490
22489
22486
22482
22477
22477
22475
22468
22467
22465
22458
22447
22440
22436
22428
22428
22420
22416
22409
22404
22393
22387
22384
22359
22359
22354
22351
22350
22344
22338
22331
22325
22325
22319
22318
22312
22310
22310
22299
22290
22290
22287
22282
22273
22271
22268
22268
22266
22258
22248
22230
22227
22226
22226
22221
22220
22216
22216
22214
22212
22209
22196
22193
22182
22178
22174
22170
22170
22165
22162
22152
22144
22135
22129
22121
22118
22117
22117
22117
22117
22113
22109
22097
22094
22092
22091
22087
22087
22087
22085
22084
22081
22060
22060
22056
22053
22051
22046
22046
22041
22039
22037
22027
22000
21992
21983
21981
21977
21976
21972
21971
21967
21967
21964
21964
21951
21950
21950
21943
21942
21939
21937
21928
21921
21919
21915
21915
21910
21910
21908
21907
21904
21903
21899
21893
21892
21890
21888
21887
21876
21870
21865
21859
21858
21852
21850
21848
21847
21844
21831
21827
21827
21819
21818
21818
21808
21798
21797
21791
21790
21786
21771
21759
21752
21749
21747
21747
21745
21743
21743
21735
21734
21728
21723
21723
21721
21717
21708
21702
21695
21687
21682
21679
21665
21664
21663
21663
21660
21656
21654
21653
21652
21648
21647
21645
21623
21619
21618
21617
21597
21591
21584
21567
21565
21565
21564
21563
21562
21559
21556
21552
21550
21539
21533
21526
21519
21514
21511
21511
21502
21502
21493
21481
21465
21462
21462
21462
21456
21455
21448
21446
21445
21442
21441
21423
21423
21422
21412
21407
21401
21400
21396
21395
21394
21393
21383
21376
21375
21374
21373
21370
21366
21365
21365
21358
21356
21344
21341
21338
21337
21335
21331
21327
21320
21318
21314
21312
21310
21307
21303
21302
21301
21296
21295
21294
21293
21290
21290
21289
21286
21283
21270
21269
21262
21261
21258
21258
21256
21252
21249
21241
21238
21236
21236
21226
21222
21218
21216
21208
21199
21198
21188
21180
21180
21179
21144
21140
21138
21127
21100
21092
21091
21077
21076
21076
21064
21053
21053
21051
21048
21047
21044
21042
21042
21033
21021
21021
21019
21016
21013
21012
21010
21003
21003
21000
21000
20995
20984
20983
20980
20980
20959
20950
20935
20929
20929
20927
20926
20923
20919
20918
20906
20902
20899
20894
20893
20891
20891
20890
20890
20885
20884
20884
20882
20874
20869
20854
20832
20829
20825
20822
20817
20811
20807
20801
20790
20788
20785
20785
20781
20781
20778
20772
20767
20759
20756
20754
20753
20747
20740
20737
20713
20702
20697
20693
20681
20659
20654
20654
20640
20634
20633
20609
20609
20597
20592
20592
20590
20580
20579
20578
20578
20575
20575
20573
20572
20568
20567
20557
20550
20548
20536
20532
20524
20523
20522
20522
20520
20509
20507
20503
20501
20493
20487
20486
20486
20485
20484
20478
20474
20474
20468
20461
20460
20459
20458
20456
20450
20446
20444
20442
20435
20433
20431
20420
20419
20415
20413
20412
20412
20402
20395
20385
20378
20374
20365
20363
20358
20355
20354
20354
20349
20346
20346
20345
20335
20327
20325
20324
20323
20322
20321
20320
20319
20318
20318
20316
20315
20307
20306
20305
20301
20300
20294
20293
20293
20289
20278
20273
20272
20271
20266
20259
20257
20251
20235
20234
20233
20229
20217
20210
20209
20196
20189
20178
20175
20162
20157
20144
20140
20140
20139
20139
20137
20135
20135
20127
20126
20123
20112
20104
20103
20096
20093
20091
20078
20068
20058
20057
20054
20054
20038
20026
20024
20023
20014
20014
20003
20002
19987
19985
19983
19982
19979
19977
19972
19966
19964
19964
19964
19962
19960
19959
19949
19944
19942
19941
19930
19916
19915
19915
19912
19903
19902
19898
19892
19884
19878
19875
19872
19871
19870
19869
19866
19858
19854
19853
19852
19851
19849
19847
19842
19835
19835
19827
19825
19824
19817
19814
19814
19811
19808
19806
19800
19797
19796
19794
19793
19792
19788
19785
19776
19775
19774
19766
19761
19748
19742
19741
19735
19726
19723
19712
19711
19707
19696
19694
19690
19685
19683
19680
19679
19678
19666
19663
19658
19651
19649
19646
19635
19627
19619
19615
19611
19608
19599
19595
19588
19585
19579
19575
19574
19572
19558
19549
19546
19545
19543
19538
19529
19527
19526
19523
19519
19518
19507
19503
19497
19494
19491
19486
19484
19484
19479
19473
19467
19458
19454
19446
19442
19438
19437
19431
19427
19424
19422
19395
19394
19392
19389
19381
19380
19369
19352
19349
19349
19345
19340
19328
19321
19321
19318
19317
19317
19316
19311
19303
19291
19289
19274
19273
19268
19267
19266
19260
19252
19250
19250
19247
19245
19236
19232
19228
19226
19225
19222
19220
19220
19219
19217
19214
19212
19207
19205
19200
19197
19195
19192
19191
19191
19190
19183
19180
19178
19175
19175
19174
19171
19169
19160
19153
19143
19120
19119
19108
19103
19099
19084
19081
19080
19076
19075
19070
19054
19050
19031
19029
19027
19024
19022
19020
19017
19016
19013
19012
19010
19010
19005
18996
18989
18987
18986
18983
18973
18972
18966
18963
18962
18953
18952
18950
18944
18935
18928
18927
18926
18925
18921
18913
18908
18904
18888
18880
18880
18876
18865
18863
18863
18863
18849
18849
18847
18839
18837
18835
18833
18829
18827
18821
18815
18812
18806
18806
18804
18803
18797
18789
18781
18778
18773
18773
18769
18769
18769
18760
18758
18757
18754
18750
18749
18745
18740
18739
18736
18727
18722
18720
18719
18718
18716
18715
18698
18682
18674
18673
18672
18672
18668
18667
18664
18662
18660
18649
18643
18643
18643
18641
18639
18633
18629
18628
18627
18622
18614
18613
18610
18609
18607
18595
18594
18591
18590
18576
18574
18573
18572
18570
18567
18557
18557
18546
18543
18521
18512
18511
18508
18493
18490
18476
18470
18464
18463
18452
18451
18446
18445
18444
18442
18430
18426
18426
18425
18425
18422
18416
18403
18385
18383
18378
18378
18376
18372
18371
18369
18369
18364
18352
18327
18326
18322
18320
18312
18309
18302
18302
18300
18299
18295
18292
18292
18290
18289
18285
18285
18280
18272
18268
18244
18238
18236
18219
18214
18212
18210
18204
18197
18191
18184
18182
18172
18168
18162
18157
18153
18144
18143
18139
18136
18134
18129
18127
18102
18085
18077
18050
18046
18046
18042
18037
18036
18032
18026
18024
18023
18022
18020
18016
18011
18003
18000
18000
18000
18000
17995
17991
17985
17984
17977
17976
17971
17970
17970
17970
17969
17962
17962
17961
17950
17950
17943
17935
17934
17933
17930
17917
17910
17894
17880
17873
17868
17858
17856
17853
17851
17851
17832
17828
17820
17808
17808
17801
17797
17797
17796
17795
17793
17791
17790
17787
17781
17770
17770
17763
17762
17756
17754
17749
17749
17749
17745
17744
17742
17726
17723
17723
17721
17718
17718
17714
17713
17711
17705
17693
17692
17687
17683
17680
17677
17669
17668
17647
17647
17645
17644
17640
17636
17634
17629
17629
17628
17624
17619
17613
17600
17593
17591
17581
17581
17574
17573
17567
17565
17564
17562
17556
17555
17554
17554
17554
17551
17551
17547
17547
17540
17526
17520
17520
17506
17504
17501
17501
17497
17491
17487
17486
17484
17478
17475
17459
17459
17455
17443
17436
17435
17417
17417
17415
17414
17400
17398
17392
17389
17363
17363
17361
17358
17357
17344
17341
17330
17329
17327
17325
17323
17317
17305
17301
17300
17297
17296
17296
17290
17288
17286
17273
17271
17267
17253
17241
17240
17236
17235
17230
17224
17218
17208
17192
17184
17178
17175
17171
17170
17168
17157
17156
17143
17142
17140
17139
17129
17128
17126
17118
17104
17104
17092
17083
17082
17080
17079
17071
17069
17066
17061
17059
17051
17049
17035
17035
17024
17019
17009
17009
17005
17005
17005
17004
17000
16993
16992
16989
16989
16985
16981
16980
16977
16958
16956
16951
16950
16942
16937
16929
16928
16924
16917
16908
16906
16901
16899
16897
16891
16889
16884
16884
16876
16874
16872
16861
16857
16848
16844
16843
16828
16819
16812
16810
16809
16808
16803
16798
16790
16788
16788
16780
16778
16772
16769
16764
16763
16763
16758
16755
16755
16744
16741
16734
16726
16718
16717
16714
16709
16703
16694
16675
16673
16660
16655
16653
16652
16652
16648
16646
16642
16642
16640
16634
16634
16634
16631
16625
16620
16616
16612
16611
16610
16607
16592
16588
16584
16579
16579
16577
16576
16575
16573
16570
16570
16552
16543
16542
16541
16538
16537
16534
16531
16527
16527
16525
16514
16513
16513
16507
16502
16502
16494
16491
16486
16486
16485
16482
16479
16467
16455
16454
16453
16442
16442
16441
16438
16435
16435
16431
16430
16425
16421
16419
16412
16407
16397
16397
16395
16387
16384
16378
16373
16352
16350
16348
16345
16342
16339
16337
16330
16327
16318
16312
16309
16305
16304
16300
16296
16285
16284
16279
16277
16275
16275
16265
16264
16261
16259
16259
16252
16250
16248
16243
16237
16233
16233
16223
16222
16221
16218
16217
16216
16210
16209
16206
16204
16204
16203
16199
16195
16184
16183
16178
16171
16169
16166
16162
16159
16158
16158
16153
16153
16147
16131
16121
16117
16110
16106
16103
16101
16101
16099
16085
16078
16075
16074
16073
16072
16070
16069
16068
16064
16063
16050
16050
16046
16042
16041
16040
16035
16034
16034
16030
16024
16020
16018
16012
16011
16004
15996
15989
15981
15978
15977
15976
15968
15960
15955
15954
15948
15947
15943
15941
15931
15930
15929
15915
15912
15901
15900
15897
15896
15894
15891
15885
15882
15872
15870
15870
15864
15860
15859
15857
15856
15855
15848
15844
15837
15832
15830
15828
15819
15813
15807
15803
15798
15792
15791
15790
15784
15775
15769
15769
15769
15766
15762
15760
15755
15754
15754
15749
15737
15737
15733
15729
15714
15706
15697
15690
15689
15683
15681
15680
15676
15673
15673
15667
15658
15657
15656
15653
15641
15632
15624
15623
15622
15619
15612
15611
15597
15597
15597
15589
15589
15589
15585
15581
15574
15571
15570
15566
15564
15555
15551
15544
15543
15542
15540
15531
15529
15526
15523
15518
15516
15514
15514
15512
15509
15507
15505
15501
15498
15490
15489
15485
15473
15472
15471
15468
15466
15466
15462
15461
15456
15452
15448
15448
15448
15447
15445
15435
15427
15421
15415
15414
15413
15413
15412
15411
15408
15405
15403
15390
15387
15382
15379
15368
15365
15358
15352
15347
15345
15336
15329
15321
15318
15314
15314
15314
15310
15310
15304
15287
15280
15276
15273
15270
15269
15268
15268
15263
15261
15256
15253
15239
15238
15237
15231
15227
15208
15204
15204
15202
15198
15193
15192
15192
15186
15175
15173
15170
15170
15170
15169
15164
15161
15149
15148
15148
15147
15140
15134
15127
15126
15124
15123
15122
15119
15115
15101
15093
15083
15074
15071
15067
15066
15062
15060
15056
15053
15052
15041
15040
15034
15032
15028
15010
15003
14998
14995
14994
14990
14985
14975
14973
14970
14968
14963
14963
14962
14954
14951
14944
14936
14912
14907
14906
14905
14903
14901
14900
14896
14893
14883
14877
14877
14861
14857
14846
14846
14843
14838
14834
14832
14830
14825
14817
14811
14806
14805
14797
14793
14790
14790
14786
14785
14783
14782
14772
14768
14765
14760
14751
14746
14740
14738
14735
14729
14728
14723
14714
14713
14709
14705
14702
14694
14693
14693
14688
14685
14685
14681
14679
14675
14673
14672
14664
14663
14663
14651
14643
14642
14640
14636
14633
14633
14625
14625
14625
14621
14620
14615
14611
14608
14602
14601
14599
14598
14588
14588
14582
14582
14581
14576
14573
14571
14568
14566
14564
14559
14547
14538
14534
14531
14531
14522
14522
14518
14515
14512
14505
14504
14501
14497
14494
14492
14492
14490
14490
14473
14472
14467
14461
14460
14458
14457
14457
14454
14444
14437
14435
14422
14419
14414
14414
14409
14408
14405
14401
14400
14396
14394
14392
14379
14378
14369
14363
14359
14357
14353
14341
14336
14329
14325
14307
14306
14305
14305
14300
14297
14293
14284
14282
14281
14263
14262
14260
14253
14250
14243
14240
14226
14221
14215
14213
14211
14210
14207
14207
14207
14203
14202
14199
14198
14182
14179
14178
14178
14178
14178
14175
14173
14168
14162
14160
14150
14130
14123
14107
14106
14102
14084
14084
14079
14074
14068
14066
14064
14061
14060
14058
14056
14055
14043
14041
14038
14032
14025
14020
14017
14014
14009
13995
13994
13992
13986
13982
13979
13975
13972
13963
13960
13957
13955
13953
13953
13945
13935
13934
13933
13928
13928
13923
13921
13921
13917
13916
13900
13899
13898
13892
13890
13890
13882
13881
13879
13875
13871
13863
13855
13853
13849
13847
13844
13840
13828
13825
13823
13823
13821
13813
13811
13804
13802
13798
13792
13791
13791
13789
13784
13777
13770
13769
13766
13764
13762
13757
13756
13754
13752
13750
13746
13743
13742
13722
13722
13717
13714
13711
13705
13693
13693
13692
13686
13682
13676
13665
13661
13655
13654
13643
13640
13640
13633
13630
13630
13624
13616
13605
13597
13593
13590
13581
13569
13565
13563
13556
13556
13555
13552
13548
13544
13542
13540
13536
13525
13522
13520
13519
13518
13517
13517
13516
13513
13506
13502
13500
13498
13496
13493
13492
13488
13484
13484
13484
13483
13482
13478
13467
13466
13465
13465
13461
13459
13458
13458
13456
13451
13440
13430
13427
13426
13423
13416
13415
13414
13413
13406
13405
13404
13404
13401
13399
13399
13397
13394
13391
13391
13391
13390
13386
13384
13379
13363
13363
13355
13354
13353
13349
13343
13338
13320
13316
13314
13313
13306
13306
13300
13299
13288
13281
13279
13277
13276
13273
13272
13266
13265
13263
13258
13258
13254
13252
13252
13244
13234
13230
13229
13228
13215
13212
13209
13206
13196
13195
13185
13179
13166
13161
13160
13147
13147
13144
13141
13135
13134
13129
13123
13114
13113
13110
13108
13102
13100
13099
13099
13097
13096
13094
13092
13087
13084
13079
13063
13057
13041
13037
13026
13026
13023
13022
13019
13007
13007
13006
13005
13000
12997
12997
12994
12985
12982
12978
12973
12969
12967
12965
12962
12961
12956
12955
12953
12951
12947
12940
12940
12937
12933
12930
12919
12916
12914
12902
12897
12897
12885
12878
12871
12868
12862
12862
12856
12855
12854
12851
12847
12843
12839
12839
12835
12827
12827
12822
12814
12814
12809
12807
12806
12802
12801
12800
12795
12794
12794
12794
12791
12787
12787
12778
12774
12773
12765
12763
12755
12751
12750
12746
12744
12737
12736
12736
12732
12723
12717
12713
12712
12706
12701
12695
12677
12674
12662
12657
12657
12654
12644
12640
12640
12634
12631
12631
12630
12630
12629
12628
12626
12617
12614
12611
12603
12599
12599
12594
12594
12588
12588
12588
12568
12566
12564
12560
12558
12556
12555
12550
12542
12536
12534
12534
12532
12530
12527
12522
12521
12510
12505
12504
12503
12494
12486
12474
12472
12464
12463
12445
12443
12432
12430
12429
12426
12425
12422
12419
12418
12415
12414
12413
12411
12405
12399
12397
12396
12393
12392
12387
12384
12377
12376
12367
12364
12346
12340
12337
12331
12325
12323
12316
12304
12291
12289
12288
12280
12263
12258
12249
12243
12237
12236
12235
12233
12232
12226
12223
12220
12212
12211
12210
12209
12206
12205
12200
12198
12191
12190
12190
12182
12178
12178
12177
12175
12172
12170
12166
12160
12155
12155
12152
12152
12140
12138
12136
12136
12136
12135
12132
12131
12125
12113
12113
12099
12096
12095
12094
12092
12089
12088
12080
12080
12080
12078
12077
12071
12069
12066
12057
12056
12054
12046
12040
12033
12029
12029
12024
12019
12013
12010
11994
11985
11984
11983
11982
11975
11975
11963
11959
11957
11946
11934
11933
11931
11927
11905
11905
11903
11899
11892
11891
11890
11889
11886
11882
11880
11880
11880
11879
11873
11863
11861
11861
11858
11849
11847
11840
11837
11832
11826
11825
11825
11823
11819
11807
11804
11781
11774
11773
11771
11770
11769
11768
11758
11750
11750
11748
11735
11735
11731
11726
11723
11713
11712
11710
11707
11699
11697
11689
11676
11668
11645
11645
11640
11636
11635
11628
11624
11623
11622
11616
11608
11596
11589
11580
11576
11572
11569
11568
11566
11563
11563
11559
11559
11551
11548
11535
11534
11516
11512
11507
11504
11498
11495
11473
11467
11466
11465
11462
11460
11459
11459
11453
11451
11446
11443
11430
11422
11418
11403
11399
11394
11386
11385
11380
11379
11376
11371
11357
11350
11345
11343
11340
11339
11324
11312
11303
11291
11291
11282
11270
11264
11259
11257
11255
11251
11237
11236
11225
11222
11217
11216
11213
11213
11209
11208
11207
11206
11203
11198
11193
11187
11185
11177
11175
11175
11172
11171
11152
11151
11150
11150
11147
11147
11146
11141
11137
11135
11134
11128
11121
11116
11114
11114
11103
11103
11099
11095
11092
11089
11088
11077
11077
11076
11076
11073
11058
11052
11052
11033
11031
11030
11029
11012
11009
11003
11002
10997
10996
10996
10996
10994
10993
10983
10983
10983
10981
10980
10979
10975
10972
10970
10966
10964
10962
10962
10955
10952
10935
10931
10931
10930
10920
10911
10900
10898
10898
10898
10890
10889
10879
10873
10872
10870
10869
10869
10868
10864
10862
10862
10862
10844
10839
10834
10832
10831
10819
10813
10811
10809
10804
10789
10786
10782
10779
10770
10766
10765
10756
10748
10746
10741
10741
10737
10735
10727
10721
10711
10710
10700
10697
10686
10684
10677
10669
10665
10658
10651
10649
10648
10642
10628
10613
10599
10595
10593
10589
10575
10574
10566
10556
10553
10551
10538
10529
10512
10508
10507
10506
10506
10502
10498
10498
10489
10483
10480
10469
10466
10466
10466
10465
10462
10461
10460
10458
10454
10447
10447
10445
10445
10445
10440
10438
10436
10431
10431
10431
10426
10422
10400
10399
10396
10391
10388
10387
10387
10385
10381
10380
10375
10370
10364
10356
10350
10347
10341
10336
10335
10334
10333
10332
10330
10329
10328
10314
10309
10301
10300
10300
10298
10297
10292
10287
10287
10286
10275
10275
10262
10260
10260
10248
10243
10228
10218
10205
10202
10200
10186
10181
10181
10172
10158
10156
10156
10152
10147
10140
10140
10128
10127
10124
10121
10113
10113
10110
10108
10103
10101
10100
10091
10089
10075
10072
10070
10066
10065
10055
10053
10043
10043
10043
10042
10037
10034
10034
10033
10033
10032
10030
10026
10025
10020
10003
10001
9997
9993
9989
9982
9982
9967
9965
9948
9939
9938
9933
9929
9929
9927
9925
9925
9921
9921
9915
9911
9907
9899
9896
9892
9891
9890
9888
9887
9880
9879
9867
9865
9863
9858
9854
9845
9839
9838
9833
9828
9825
9820
9818
9817
9813
9812
9805
9798
9798
9791
9786
9783
9777
9773
9771
9770
9769
9765
9763
9763
9760
9757
9749
9744
9743
9741
9735
9732
9729
9729
9723
9718
9715
9713
9708
9701
9692
9686
9685
9684
9680
9677
9668
9666
9662
9659
9655
9654
9654
9651
9651
9650
9649
9649
9648
9644
9640
9639
9638
9637
9636
9633
9625
9625
9623
9621
9612
9610
9604
9604
9602
9601
9597
9594
9593
9590
9583
9582
9576
9567
9555
9547
9544
9540
9538
9526
9517
9503
9500
9496
9486
9485
9481
9472
9471
9460
9459
9457
9453
9453
9451
9450
9449
9444
9439
9431
9426
9417
9412
9412
9411
9406
9404
9396
9392
9384
9384
9376
9373
9364
9364
9362
9362
9361
9360
9360
9360
9351
9347
9347
9345
9342
9339
9339
9326
9316
9315
9309
9308
9308
9302
9295
9285
9279
9276
9271
9270
9266
9265
9265
9259
9257
9257
9256
9247
9245
9243
9242
9234
9229
9228
9225
9225
9223
9215
9209
9206
9205
9196
9190
9188
9187
9172
9165
9165
9165
9164
9145
9139
9133
9129
9125
9124
9124
9108
9107
9104
9100
9095
9095
9088
9086
9085
9084
9081
9068
9064
9056
9053
9051
9048
9048
9048
9046
9025
9025
9024
9013
9013
9009
9003
9000
8993
8992
8989
8982
8982
8979
8969
8966
8966
8958
8955
8950
8950
8949
8947
8947
8941
8934
8931
8929
8927
8923
8920
8910
8900
8896
8895
8893
8890
8885
8885
8879
8877
8868
8864
8861
8859
8858
8857
8857
8850
8846
8837
8831
8825
8819
8804
8800
8798
8796
8788
8786
8786
8779
8777
8774
8767
8763
8762
8760
8754
8753
8752
8744
8742
8735
8728
8725
8721
8721
8705
8700
8699
8698
8693
8692
8690
8687
8683
8675
8664
8658
8656
8654
8653
8645
8640
8638
8636
8630
8623
8623
8620
8617
8617
8611
8595
8594
8594
8581
8581
8569
8564
8561
8558
8553
8553
8551
8546
8529
8527
8523
8518
8514
8511
8510
8507
8497
8483
8481
8478
8468
8465
8463
8454
8441
8436
8432
8427
8427
8421
8418
8416
8414
8414
8410
8389
8387
8385
8384
8383
8382
8381
8381
8371
8360
8359
8356
8353
8351
8337
8334
8317
8313
8310
8307
8302
8283
8282
8277
8271
8269
8265
8265
8262
8259
8254
8249
8247
8243
8243
8235
8234
8233
8233
8225
8221
8220
8213
8209
8208
8207
8207
8204
8202
8200
8198
8196
8193
8190
8188
8186
8183
8179
8164
8157
8153
8152
8151
8148
8147
8145
8141
8140
8130
8130
8124
8117
8116
8106
8098
8091
8091
8084
8083
8081
8076
8075
8071
8068
8061
8055
8053
8050
8045
8044
8044
8043
8040
8031
8029
8026
8022
8022
8012
8012
8007
8004
7997
7992
7992
7992
7984
7973
7965
7962
7956
7956
7955
7947
7937
7929
7927
7925
7924
7921
7920
7917
7916
7916
7916
7905
7893
7892
7886
7883
7881
7879
7879
7873
7871
7862
7857
7856
7855
7855
7853
7840
7829
7827
7824
7824
7821
7820
7811
7810
7809
7806
7806
7805
7793
7791
7784
7780
7777
7776
7773
7771
7769
7768
7759
7756
7744
7740
7733
7733
7730
7728
7724
7722
7717
7703
7701
7701
7701
7697
7694
7688
7682
7682
7680
7671
7669
7666
7662
7661
7660
7660
7659
7647
7646
7633
7631
7630
7629
7626
7625
7616
7599
7594
7594
7593
7588
7585
7585
7579
7559
7556
7546
7546
7538
7525
7519
7518
7510
7506
7505
7500
7498
7486
7475
7471
7469
7462
7449
7445
7443
7441
7441
7437
7434
7430
7425
7422
7422
7418
7417
7413
7411
7409
7408
7407
7398
7381
7379
7375
7369
7361
7360
7358
7353
7344
7341
7341
7341
7327
7324
7323
7317
7311
7310
7304
7302
7296
7296
7287
7280
7272
7272
7268
7267
7267
7263
7260
7256
7250
7248
7246
7245
7241
7217
7216
7210
7209
7208
7202
7194
7190
7189
7179
7175
7165
7164
7155
7151
7151
7151
7147
7142
7136
7134
7130
7130
7128
7127
7121
7117
7111
7109
7102
7098
7097
7097
7094
7093
7086
7079
7073
7058
7056
7050
7046
7041
7039
7037
7032
7022
7019
7010
7005
7001
6999
6998
6996
6995
6990
6983
6979
6972
6970
6968
6966
6965
6960
6959
6959
6959
6957
6954
6953
6952
6940
6937
6935
6928
6921
6914
6913
6908
6904
6901
6898
6894
6890
6880
6879
6878
6875
6874
6872
6870
6867
6866
6861
6858
6853
6850
6846
6839
6833
6827
6823
6822
6822
6816
6806
6803
6791
6787
6785
6784
6783
6782
6777
6774
6772
6772
6770
6767
6767
6767
6760
6756
6754
6753
6751
6751
6747
6745
6735
6735
6731
6731
6726
6719
6709
6698
6694
6693
6677
6672
6668
6666
6666
6655
6649
6638
6633
6629
6616
6614
6607
6604
6603
6596
6592
6590
6587
6583
6580
6579
6575
6574
6574
6566
6564
6557
6553
6551
6529
6510
6505
6488
6481
6481
6478
6470
6466
6463
6463
6460
6450
6448
6446
6444
6438
6434
6433
6432
6426
6423
6411
6409
6406
6406
6400
6400
6387
6384
6379
6378
6376
6375
6365
6364
6358
6354
6351
6349
6348
6346
6345
6341
6334
6331
6330
6327
6324
6314
6313
6307
6291
6291
6290
6280
6278
6277
6272
6271
6265
6258
6255
6246
6242
6238
6225
6223
6209
6208
6194
6187
6187
6186
6178
6174
6161
6150
6149
6145
6137
6136
6133
6128
6126
6125
6125
6123
6122
6122
6113
6112
6107
6105
6101
6101
6093
6091
6082
6080
6077
6075
6072
6056
6052
6036
6035
6034
6023
6015
6001
6001
5997
5997
5997
5990
5989
5988
5984
5979
5977
5972
5959
5956
5953
5952
5941
5939
5935
5917
5916
5914
5896
5894
5893
5890
5885
5875
5874
5872
5872
5860
5859
5852
5848
5834
5831
5828
5825
5819
5818
5812
5812
5806
5805
5794
5794
5777
5765
5762
5762
5759
5758
5755
5752
5749
5748
5737
5735
5723
5718
5717
5716
5713
5704
5701
5698
5696
5689
5688
5687
5675
5657
5649
5641
5637
5630
5629
5623
5620
5619
5614
5612
5610
5607
5607
5599
5596
5595
5589
5584
5582
5573
5573
5568
5565
5559
5557
5549
5549
5546
5544
5540
5538
5538
5531
5523
5509
5493
5490
5479
5477
5471
5470
5468
5467
5466
5442
5436
5433
5433
5425
5416
5415
5415
5406
5404
5401
5398
5396
5391
5386
5380
5374
5367
5362
5361
5319
5315
5311
5310
5307
5306
5304
5302
5300
5299
5281
5278
5273
5272
5270
5270
5270
5266
5265
5263
5263
5258
5224
5223
5223
5222
5218
5218
5215
5214
5208
5208
5199
5198
5188
5184
5182
5150
5148
5140
5134
5134
5121
5114
5114
5111
5108
5106
5098
5097
5097
5097
5095
5094
5093
5086
5077
5077
5075
5068
5061
5056
5054
5046
5027
5025
5023
5020
5020
5011
5007
5005
4979
4971
4961
4958
4957
4956
4956
4953
4952
4949
4947
4946
4945
4942
4938
4936
4930
4925
4922
4921
4920
4920
4916
4906
4905
4905
4902
4899
4890
4888
4884
4878
4876
4872
4870
4850
4842
4839
4835
4829
4828
4822
4820
4814
4810
4809
4808
4807
4803
4801
4792
4785
4779
4768
4766
4766
4761
4755
4749
4747
4742
4738
4733
4731
4728
4726
4723
4722
4717
4715
4710
4709
4707
4698
4698
4696
4694
4655
4651
4650
4641
4619
4602
4600
4596
4595
4594
4593
4589
4588
4586
4584
4583
4576
4575
4569
4552
4547
4540
4538
4536
4532
4527
4522
4517
4515
4510
4510
4505
4498
4497
4497
4488
4486
4483
4477
4472
4470
4468
4458
4454
4449
4447
4435
4431
4417
4417
4416
4408
4400
4394
4389
4387
4385
4385
4383
4381
4379
4376
4364
4358
4355
4354
4341
4337
4327
4320
4314
4307
4305
4300
4297
4297
4289
4276
4273
4267
4266
4262
4260
4258
4254
4254
4251
4246
4239
4237
4234
4232
4227
4224
4223
4222
4215
4215
4214
4212
4209
4207
4206
4205
4200
4198
4197
4195
4190
4189
4187
4185
4182
4178
4177
4165
4155
4149
4129
4127
4116
4112
4112
4109
4105
4104
4103
4099
4095
4087
4083
4080
4078
4076
4061
4057
4056
4053
4051
4049
4042
4041
4040
4038
4035
4034
4007
3995
3994
3992
3991
3990
3989
3979
3977
3975
3966
3965
3956
3955
3952
3945
3942
3941
3931
3914
3898
3897
3894
3892
3885
3882
3882
3879
3876
3873
3870
3867
3867
3867
3865
3861
3860
3859
3858
3843
3842
3840
3837
3831
3830
3827
3823
3820
3811
3789
3789
3785
3779
3779
3778
3776
3773
3772
3770
3768
3758
3758
3749
3742
3741
3733
3731
3728
3727
3727
3724
3721
3717
3701
3701
3699
3698
3690
3679
3673
3660
3656
3654
3650
3620
3619
3611
3610
3610
3608
3608
3602
3600
3596
3595
3593
3588
3588
3584
3582
3577
3573
3573
3572
3570
3569
3565
3562
3562
3558
3557
3540
3538
3533
3531
3528
3526
3526
3521
3519
3517
3516
3514
3512
3506
3506
3504
3504
3496
3492
3491
3489
3489
3478
3472
3466
3455
3452
3446
3445
3441
3436
3433
3429
3428
3426
3425
3422
3419
3418
3413
3407
3406
3406
3404
3399
3398
3387
3387
3385
3377
3374
3373
3371
3367
3365
3363
3362
3361
3348
3331
3330
3330
3327
3325
3324
3316
3309
3296
3289
3282
3277
3271
3270
3270
3269
3268
3264
3260
3260
3255
3253
3252
3252
3246
3246
3246
3242
3240
3235
3235
3233
3221
3219
3215
3209
3205
3198
3192
3191
3191
3190
3185
3184
3181
3175
3173
3171
3168
3163
3160
3157
3153
3151
3134
3133
3122
3112
3106
3105
3103
3100
3095
3081
3073
3069
3067
3059
3059
3057
3056
3054
3052
3048
3047
3045
3039
3032
3018
3015
3006
3005
3004
3002
3001
2998
2997
2994
2991
2982
2969
2961
2960
2957
2956
2952
2951
2945
2945
2938
2938
2929
2918
2916
2913
2900
2884
2881
2881
2880
2876
2874
2855
2855
2854
2850
2844
2838
2835
2831
2831
2830
2828
2824
2820
2818
2810
2798
2791
2790
2789
2787
2780
2776
2760
2752
2751
2749
2746
2740
2739
2737
2733
2730
2709
2709
2704
2701
2700
2699
2698
2688
2685
2676
2670
2666
2650
2637
2636
2632
2628
2626
2614
2612
2604
2592
2586
2576
2572
2556
2550
2541
2526
2525
2524
2523
2518
2515
2513
2509
2507
2507
2505
2503
2502
2500
2500
2496
2495
2491
2485
2484
2483
2476
2471
2467
2464
2462
2448
2446
2446
2444
2444
2442
2438
2430
2416
2413
2407
2405
2400
2398
2398
2395
2393
2389
2388
2387
2364
2361
2356
2344
2339
2328
2328
2325
2322
2306
2302
2301
2294
2291
2280
2278
2272
2269
2263
2263
2255
2252
2251
2251
2251
2248
2243
2242
2242
2231
2227
2220
2214
2209
2205
2201
2201
2189
2180
2178
2178
2176
2166
2165
2162
2148
2144
2144
2142
2141
2141
2131
2129
2110
2109
2106
2105
2104
2090
2086
2078
2076
2070
2057
2057
2048
2046
2043
2031
2027
2025
2024
2024
2022
2017
2016
2014
2012
2008
1989
1981
1981
1978
1974
1968
1966
1963
1962
1956
1950
1940
1938
1933
1931
1923
1921
1910
1910
1908
1907
1907
1898
1892
1891
1890
1887
1886
1861
1849
1846
1842
1840
1829
1828
1816
1803
1797
1795
1792
1787
1781
1778
1774
1770
1769
1768
1760
1759
1752
1745
1737
1734
1734
1733
1730
1724
1720
1715
1714
1708
1707
1705
1704
1702
1697
1693
1692
1687
1687
1676
1676
1668
1648
1644
1641
1626
1623
1622
1585
1576
1569
1568
1562
1560
1557
1550
1547
1546
1543
1542
1540
1536
1535
1534
1530
1526
1526
1521
1516
1506
1505
1500
1499
1487
1479
1468
1460
1457
1454
1453
1450
1448
1447
1439
1432
1426
1420
1417
1417
1415
1401
1395
1393
1392
1384
1380
1380
1379
1373
1361
1357
1350
1345
1344
1343
1340
1326
1322
1320
1320
1315
1313
1312
1303
1300
1290
1286
1284
1282
1280
1262
1262
1248
1245
1244
1242
1240
1231
1220
1216
1215
1209
1208
1207
1203
1202
1201
1198
1196
1192
1191
1191
1184
1179
1174
1163
1161
1161
1158
1150
1146
1139
1132
1131
1125
1121
1117
1107
1106
1106
1104
1072
1067
1066
1063
1063
1062
1056
1056
1052
1044
1042
1041
1037
1033
1029
1027
1019
1017
1016
1009
999
990
988
988
984
976
962
955
949
945
944
939
932
931
931
930
928
925
924
921
913
912
911
910
903
899
888
887
887
882
879
876
865
860
853
853
850
848
838
835
833
830
826
825
823
820
811
808
807
800
796
796
789
785
783
783
782
773
772
769
765
765
761
757
756
753
752
750
742
738
719
717
714
714
708
708
707
702
697
696
689
687
677
677
666
661
660
658
658
645
635
625
615
614
608
606
604
601
599
598
588
587
584
575
573
567
566
565
562
555
550
549
539
526
518
516
513
499
495
492
485
484
482
479
472
457
450
446
444
441
439
436
435
434
429
427
423
422
419
408
404
403
402
399
398
398
397
380
379
375
373
372
366
361
361
354
346
344
339
332
330
330
328
327
324
322
313
308
308
307
303
296
289
288
282
282
274
270
269
247
246
235
234
228
220
218
208
204
203
197
195
194
190
190
190
190
189
180
179
177
157
157
155
154
149
129
128
126
122
120
109
99
98
93
91
90
86
83
82
81
78
74
73
72
71
70
68
68
62
57
53
49
39
37
36
34
31
30
30
28
22
20
17
0
