7500
0
17
20
22
28
30
30
31
34
36
37
39
49
53
57
62
68
68
70
71
72
73
74
78
81
82
83
86
90
91
93
98
99
109
120
122
126
128
129
149
154
155
157
157
177
179
180
189
190
190
190
190
194
195
197
203
204
208
218
220
228
234
235
246
247
269
270
274
282
282
288
289
296
303
307
308
308
313
322
324
327
328
330
330
332
339
344
346
354
361
361
366
372
373
375
379
380
397
398
398
399
402
403
404
408
419
422
423
427
429
434
435
436
439
441
444
446
450
457
472
479
482
484
485
492
495
499
513
516
518
526
539
549
550
555
562
565
566
567
573
575
584
587
588
598
599
601
604
606
608
614
615
625
635
645
658
658
660
661
666
677
677
687
689
696
697
702
707
708
708
714
714
717
719
738
742
750
752
753
756
757
761
765
765
769
772
773
782
783
783
785
789
796
796
800
807
808
811
820
823
825
826
830
833
835
838
848
850
853
853
860
865
876
879
882
887
887
888
899
903
910
911
912
913
921
924
925
928
930
931
931
932
939
944
945
949
955
962
976
984
988
988
990
999
1009
1016
1017
1019
1027
1029
1033
1037
1041
1042
1044
1052
1056
1056
1062
1063
1063
1066
1067
1072
1104
1106
1106
1107
1117
1121
1125
1131
1132
1139
1146
1150
1158
1161
1161
1163
1174
1179
1184
1191
1191
1192
1196
1198
1201
1202
1203
1207
1208
1209
1215
1216
1220
1231
1240
1242
1244
1245
1248
1262
1262
1280
1282
1284
1286
1290
1300
1303
1312
1313
1315
1320
1320
1322
1326
1340
1343
1344
1345
1350
1357
1361
1373
1379
1380
1380
1384
1392
1393
1395
1401
1415
1417
1417
1420
1426
1432
1439
1447
1448
1450
1453
1454
1457
1460
1468
1479
1487
1499
1500
1505
1506
1516
1521
1526
1526
1530
1534
1535
1536
1540
1542
1543
1546
1547
1550
1557
1560
1562
1568
1569
1576
1585
1622
1623
1626
1641
1644
1648
1668
1676
1676
1687
1687
1692
1693
1697
1702
1704
1705
1707
1708
1714
1715
1720
1724
1730
1733
1734
1734
1737
1745
1752
1759
1760
1768
1769
1770
1774
1778
1781
1787
1792
1795
1797
1803
1816
1828
1829
1840
1842
1846
1849
1861
1886
1887
1890
1891
1892
1898
1907
1907
1908
1910
1910
1921
1923
1931
1933
1938
1940
1950
1956
1962
1963
1966
1968
1974
1978
1981
1981
1989
2008
2012
2014
2016
2017
2022
2024
2024
2025
2027
2031
2043
2046
2048
2057
2057
2070
2076
2078
2086
2090
2104
2105
2106
2109
2110
2129
2131
2141
2141
2142
2144
2144
2148
2162
2165
2166
2176
2178
2178
2180
2189
2201
2201
2205
2209
2214
2220
2227
2231
2242
2242
2243
2248
2251
2251
2251
2252
2255
2263
2263
2269
2272
2278
2280
2291
2294
2301
2302
2306
2322
2325
2328
2328
2339
2344
2356
2361
2364
2387
2388
2389
2393
2395
2398
2398
2400
2405
2407
2413
2416
2430
2438
2442
2444
2444
2446
2446
2448
2462
2464
2467
2471
2476
2483
2484
2485
2491
2495
2496
2500
2500
2502
2503
2505
2507
2507
2509
2513
2515
2518
2523
2524
2525
2526
2541
2550
2556
2572
2576
2586
2592
2604
2612
2614
2626
2628
2632
2636
2637
2650
2666
2670
2676
2685
2688
2698
2699
2700
2701
2704
2709
2709
2730
2733
2737
2739
2740
2746
2749
2751
2752
2760
2776
2780
2787
2789
2790
2791
2798
2810
2818
2820
2824
2828
2830
2831
2831
2835
2838
2844
2850
2854
2855
2855
2874
2876
2880
2881
2881
2884
2900
2913
2916
2918
2929
2938
2938
2945
2945
2951
2952
2956
2957
2960
2961
2969
2982
2991
2994
2997
2998
3001
3002
3004
3005
3006
3015
3018
3032
3039
3045
3047
3048
3052
3054
3056
3057
3059
3059
3067
3069
3073
3081
3095
3100
3103
3105
3106
3112
3122
3133
3134
3151
3153
3157
3160
3163
3168
3171
3173
3175
3181
3184
3185
3190
3191
3191
3192
3198
3205
3209
3215
3219
3221
3233
3235
3235
3240
3242
3246
3246
3246
3252
3252
3253
3255
3260
3260
3264
3268
3269
3270
3270
3271
3277
3282
3289
3296
3309
3316
3324
3325
3327
3330
3330
3331
3348
3361
3362
3363
3365
3367
3371
3373
3374
3377
3385
3387
3387
3398
3399
3404
3406
3406
3407
3413
3418
3419
3422
3425
3426
3428
3429
3433
3436
3441
3445
3446
3452
3455
3466
3472
3478
3489
3489
3491
3492
3496
3504
3504
3506
3506
3512
3514
3516
3517
3519
3521
3526
3526
3528
3531
3533
3538
3540
3557
3558
3562
3562
3565
3569
3570
3572
3573
3573
3577
3582
3584
3588
3588
3593
3595
3596
3600
3602
3608
3608
3610
3610
3611
3619
3620
3650
3654
3656
3660
3673
3679
3690
3698
3699
3701
3701
3717
3721
3724
3727
3727
3728
3731
3733
3741
3742
3749
3758
3758
3768
3770
3772
3773
3776
3778
3779
3779
3785
3789
3789
3811
3820
3823
3827
3830
3831
3837
3840
3842
3843
3858
3859
3860
3861
3865
3867
3867
3867
3870
3873
3876
3879
3882
3882
3885
3892
3894
3897
3898
3914
3931
3941
3942
3945
3952
3955
3956
3965
3966
3975
3977
3979
3989
3990
3991
3992
3994
3995
4007
4034
4035
4038
4040
4041
4042
4049
4051
4053
4056
4057
4061
4076
4078
4080
4083
4087
4095
4099
4103
4104
4105
4109
4112
4112
4116
4127
4129
4149
4155
4165
4177
4178
4182
4185
4187
4189
4190
4195
4197
4198
4200
4205
4206
4207
4209
4212
4214
4215
4215
4222
4223
4224
4227
4232
4234
4237
4239
4246
4251
4254
4254
4258
4260
4262
4266
4267
4273
4276
4289
4297
4297
4300
4305
4307
4314
4320
4327
4337
4341
4354
4355
4358
4364
4376
4379
4381
4383
4385
4385
4387
4389
4394
4400
4408
4416
4417
4417
4431
4435
4447
4449
4454
4458
4468
4470
4472
4477
4483
4486
4488
4497
4497
4498
4505
4510
4510
4515
4517
4522
4527
4532
4536
4538
4540
4547
4552
4569
4575
4576
4583
4584
4586
4588
4589
4593
4594
4595
4596
4600
4602
4619
4641
4650
4651
4655
4694
4696
4698
4698
4707
4709
4710
4715
4717
4722
4723
4726
4728
4731
4733
4738
4742
4747
4749
4755
4761
4766
4766
4768
4779
4785
4792
4801
4803
4807
4808
4809
4810
4814
4820
4822
4828
4829
4835
4839
4842
4850
4870
4872
4876
4878
4884
4888
4890
4899
4902
4905
4905
4906
4916
4920
4920
4921
4922
4925
4930
4936
4938
4942
4945
4946
4947
4949
4952
4953
4956
4956
4957
4958
4961
4971
4979
5005
5007
5011
5020
5020
5023
5025
5027
5046
5054
5056
5061
5068
5075
5077
5077
5086
5093
5094
5095
5097
5097
5097
5098
5106
5108
5111
5114
5114
5121
5134
5134
5140
5148
5150
5182
5184
5188
5198
5199
5208
5208
5214
5215
5218
5218
5222
5223
5223
5224
5258
5263
5263
5265
5266
5270
5270
5270
5272
5273
5278
5281
5299
5300
5302
5304
5306
5307
5310
5311
5315
5319
5361
5362
5367
5374
5380
5386
5391
5396
5398
5401
5404
5406
5415
5415
5416
5425
5433
5433
5436
5442
5466
5467
5468
5470
5471
5477
5479
5490
5493
5509
5523
5531
5538
5538
5540
5544
5546
5549
5549
5557
5559
5565
5568
5573
5573
5582
5584
5589
5595
5596
5599
5607
5607
5610
5612
5614
5619
5620
5623
5629
5630
5637
5641
5649
5657
5675
5687
5688
5689
5696
5698
5701
5704
5713
5716
5717
5718
5723
5735
5737
5748
5749
5752
5755
5758
5759
5762
5762
5765
5777
5794
5794
5805
5806
5812
5812
5818
5819
5825
5828
5831
5834
5848
5852
5859
5860
5872
5872
5874
5875
5885
5890
5893
5894
5896
5914
5916
5917
5935
5939
5941
5952
5953
5956
5959
5972
5977
5979
5984
5988
5989
5990
5997
5997
5997
6001
6001
6015
6023
6034
6035
6036
6052
6056
6072
6075
6077
6080
6082
6091
6093
6101
6101
6105
6107
6112
6113
6122
6122
6123
6125
6125
6126
6128
6133
6136
6137
6145
6149
6150
6161
6174
6178
6186
6187
6187
6194
6208
6209
6223
6225
6238
6242
6246
6255
6258
6265
6271
6272
6277
6278
6280
6290
6291
6291
6307
6313
6314
6324
6327
6330
6331
6334
6341
6345
6346
6348
6349
6351
6354
6358
6364
6365
6375
6376
6378
6379
6384
6387
6400
6400
6406
6406
6409
6411
6423
6426
6432
6433
6434
6438
6444
6446
6448
6450
6460
6463
6463
6466
6470
6478
6481
6481
6488
6505
6510
6529
6551
6553
6557
6564
6566
6574
6574
6575
6579
6580
6583
6587
6590
6592
6596
6603
6604
6607
6614
6616
6629
6633
6638
6649
6655
6666
6666
6668
6672
6677
6693
6694
6698
6709
6719
6726
6731
6731
6735
6735
6745
6747
6751
6751
6753
6754
6756
6760
6767
6767
6767
6770
6772
6772
6774
6777
6782
6783
6784
6785
6787
6791
6803
6806
6816
6822
6822
6823
6827
6833
6839
6846
6850
6853
6858
6861
6866
6867
6870
6872
6874
6875
6878
6879
6880
6890
6894
6898
6901
6904
6908
6913
6914
6921
6928
6935
6937
6940
6952
6953
6954
6957
6959
6959
6959
6960
6965
6966
6968
6970
6972
6979
6983
6990
6995
6996
6998
6999
7001
7005
7010
7019
7022
7032
7037
7039
7041
7046
7050
7056
7058
7073
7079
7086
7093
7094
7097
7097
7098
7102
7109
7111
7117
7121
7127
7128
7130
7130
7134
7136
7142
7147
7151
7151
7151
7155
7164
7165
7175
7179
7189
7190
7194
7202
7208
7209
7210
7216
7217
7241
7245
7246
7248
7250
7256
7260
7263
7267
7267
7268
7272
7272
7280
7287
7296
7296
7302
7304
7310
7311
7317
7323
7324
7327
7341
7341
7341
7344
7353
7358
7360
7361
7369
7375
7379
7381
7398
7407
7408
7409
7411
7413
7417
7418
7422
7422
7425
7430
7434
7437
7441
7441
7443
7445
7449
7462
7469
7471
7475
7486
7498
7500
7505
7506
7510
7518
7519
7525
7538
7546
7546
7556
7559
7579
7585
7585
7588
7593
7594
7594
7599
7616
7625
7626
7629
7630
7631
7633
7646
7647
7659
7660
7660
7661
7662
7666
7669
7671
7680
7682
7682
7688
7694
7697
7701
7701
7701
7703
7717
7722
7724
7728
7730
7733
7733
7740
7744
7756
7759
7768
7769
7771
7773
7776
7777
7780
7784
7791
7793
7805
7806
7806
7809
7810
7811
7820
7821
7824
7824
7827
7829
7840
7853
7855
7855
7856
7857
7862
7871
7873
7879
7879
7881
7883
7886
7892
7893
7905
7916
7916
7916
7917
7920
7921
7924
7925
7927
7929
7937
7947
7955
7956
7956
7962
7965
7973
7984
7992
7992
7992
7997
8004
8007
8012
8012
8022
8022
8026
8029
8031
8040
8043
8044
8044
8045
8050
8053
8055
8061
8068
8071
8075
8076
8081
8083
8084
8091
8091
8098
8106
8116
8117
8124
8130
8130
8140
8141
8145
8147
8148
8151
8152
8153
8157
8164
8179
8183
8186
8188
8190
8193
8196
8198
8200
8202
8204
8207
8207
8208
8209
8213
8220
8221
8225
8233
8233
8234
8235
8243
8243
8247
8249
8254
8259
8262
8265
8265
8269
8271
8277
8282
8283
8302
8307
8310
8313
8317
8334
8337
8351
8353
8356
8359
8360
8371
8381
8381
8382
8383
8384
8385
8387
8389
8410
8414
8414
8416
8418
8421
8427
8427
8432
8436
8441
8454
8463
8465
8468
8478
8481
8483
8497
8507
8510
8511
8514
8518
8523
8527
8529
8546
8551
8553
8553
8558
8561
8564
8569
8581
8581
8594
8594
8595
8611
8617
8617
8620
8623
8623
8630
8636
8638
8640
8645
8653
8654
8656
8658
8664
8675
8683
8687
8690
8692
8693
8698
8699
8700
8705
8721
8721
8725
8728
8735
8742
8744
8752
8753
8754
8760
8762
8763
8767
8774
8777
8779
8786
8786
8788
8796
8798
8800
8804
8819
8825
8831
8837
8846
8850
8857
8857
8858
8859
8861
8864
8868
8877
8879
8885
8885
8890
8893
8895
8896
8900
8910
8920
8923
8927
8929
8931
8934
8941
8947
8947
8949
8950
8950
8955
8958
8966
8966
8969
8979
8982
8982
8989
8992
8993
9000
9003
9009
9013
9013
9024
9025
9025
9046
9048
9048
9048
9051
9053
9056
9064
9068
9081
9084
9085
9086
9088
9095
9095
9100
9104
9107
9108
9124
9124
9125
9129
9133
9139
9145
9164
9165
9165
9165
9172
9187
9188
9190
9196
9205
9206
9209
9215
9223
9225
9225
9228
9229
9234
9242
9243
9245
9247
9256
9257
9257
9259
9265
9265
9266
9270
9271
9276
9279
9285
9295
9302
9308
9308
9309
9315
9316
9326
9339
9339
9342
9345
9347
9347
9351
9360
9360
9360
9361
9362
9362
9364
9364
9373
9376
9384
9384
9392
9396
9404
9406
9411
9412
9412
9417
9426
9431
9439
9444
9449
9450
9451
9453
9453
9457
9459
9460
9471
9472
9481
9485
9486
9496
9500
9503
9517
9526
9538
9540
9544
9547
9555
9567
9576
9582
9583
9590
9593
9594
9597
9601
9602
9604
9604
9610
9612
9621
9623
9625
9625
9633
9636
9637
9638
9639
9640
9644
9648
9649
9649
9650
9651
9651
9654
9654
9655
9659
9662
9666
9668
9677
9680
9684
9685
9686
9692
9701
9708
9713
9715
9718
9723
9729
9729
9732
9735
9741
9743
9744
9749
9757
9760
9763
9763
9765
9769
9770
9771
9773
9777
9783
9786
9791
9798
9798
9805
9812
9813
9817
9818
9820
9825
9828
9833
9838
9839
9845
9854
9858
9863
9865
9867
9879
9880
9887
9888
9890
9891
9892
9896
9899
9907
9911
9915
9921
9921
9925
9925
9927
9929
9929
9933
9938
9939
9948
9965
9967
9982
9982
9989
9993
9997
10001
10003
10020
10025
10026
10030
10032
10033
10033
10034
10034
10037
10042
10043
10043
10043
10053
10055
10065
10066
10070
10072
10075
10089
10091
10100
10101
10103
10108
10110
10113
10113
10121
10124
10127
10128
10140
10140
10147
10152
10156
10156
10158
10172
10181
10181
10186
10200
10202
10205
10218
10228
10243
10248
10260
10260
10262
10275
10275
10286
10287
10287
10292
10297
10298
10300
10300
10301
10309
10314
10328
10329
10330
10332
10333
10334
10335
10336
10341
10347
10350
10356
10364
10370
10375
10380
10381
10385
10387
10387
10388
10391
10396
10399
10400
10422
10426
10431
10431
10431
10436
10438
10440
10445
10445
10445
10447
10447
10454
10458
10460
10461
10462
10465
10466
10466
10466
10469
10480
10483
10489
10498
10498
10502
10506
10506
10507
10508
10512
10529
10538
10551
10553
10556
10566
10574
10575
10589
10593
10595
10599
10613
10628
10642
10648
10649
10651
10658
10665
10669
10677
10684
10686
10697
10700
10710
10711
10721
10727
10735
10737
10741
10741
10746
10748
10756
10765
10766
10770
10779
10782
10786
10789
10804
10809
10811
10813
10819
10831
10832
10834
10839
10844
10862
10862
10862
10864
10868
10869
10869
10870
10872
10873
10879
10889
10890
10898
10898
10898
10900
10911
10920
10930
10931
10931
10935
10952
10955
10962
10962
10964
10966
10970
10972
10975
10979
10980
10981
10983
10983
10983
10993
10994
10996
10996
10996
10997
11002
11003
11009
11012
11029
11030
11031
11033
11052
11052
11058
11073
11076
11076
11077
11077
11088
11089
11092
11095
11099
11103
11103
11114
11114
11116
11121
11128
11134
11135
11137
11141
11146
11147
11147
11150
11150
11151
11152
11171
11172
11175
11175
11177
11185
11187
11193
11198
11203
11206
11207
11208
11209
11213
11213
11216
11217
11222
11225
11236
11237
11251
11255
11257
11259
11264
11270
11282
11291
11291
11303
11312
11324
11339
11340
11343
11345
11350
11357
11371
11376
11379
11380
11385
11386
11394
11399
11403
11418
11422
11430
11443
11446
11451
11453
11459
11459
11460
11462
11465
11466
11467
11473
11495
11498
11504
11507
11512
11516
11534
11535
11548
11551
11559
11559
11563
11563
11566
11568
11569
11572
11576
11580
11589
11596
11608
11616
11622
11623
11624
11628
11635
11636
11640
11645
11645
11668
11676
11689
11697
11699
11707
11710
11712
11713
11723
11726
11731
11735
11735
11748
11750
11750
11758
11768
11769
11770
11771
11773
11774
11781
11804
11807
11819
11823
11825
11825
11826
11832
11837
11840
11847
11849
11858
11861
11861
11863
11873
11879
11880
11880
11880
11882
11886
11889
11890
11891
11892
11899
11903
11905
11905
11927
11931
11933
11934
11946
11957
11959
11963
11975
11975
11982
11983
11984
11985
11994
12010
12013
12019
12024
12029
12029
12033
12040
12046
12054
12056
12057
12066
12069
12071
12077
12078
12080
12080
12080
12088
12089
12092
12094
12095
12096
12099
12113
12113
12125
12131
12132
12135
12136
12136
12136
12138
12140
12152
12152
12155
12155
12160
12166
12170
12172
12175
12177
12178
12178
12182
12190
12190
12191
12198
12200
12205
12206
12209
12210
12211
12212
12220
12223
12226
12232
12233
12235
12236
12237
12243
12249
12258
12263
12280
12288
12289
12291
12304
12316
12323
12325
12331
12337
12340
12346
12364
12367
12376
12377
12384
12387
12392
12393
12396
12397
12399
12405
12411
12413
12414
12415
12418
12419
12422
12425
12426
12429
12430
12432
12443
12445
12463
12464
12472
12474
12486
12494
12503
12504
12505
12510
12521
12522
12527
12530
12532
12534
12534
12536
12542
12550
12555
12556
12558
12560
12564
12566
12568
12588
12588
12588
12594
12594
12599
12599
12603
12611
12614
12617
12626
12628
12629
12630
12630
12631
12631
12634
12640
12640
12644
12654
12657
12657
12662
12674
12677
12695
12701
12706
12712
12713
12717
12723
12732
12736
12736
12737
12744
12746
12750
12751
12755
12763
12765
12773
12774
12778
12787
12787
12791
12794
12794
12794
12795
12800
12801
12802
12806
12807
12809
12814
12814
12822
12827
12827
12835
12839
12839
12843
12847
12851
12854
12855
12856
12862
12862
12868
12871
12878
12885
12897
12897
12902
12914
12916
12919
12930
12933
12937
12940
12940
12947
12951
12953
12955
12956
12961
12962
12965
12967
12969
12973
12978
12982
12985
12994
12997
12997
13000
13005
13006
13007
13007
13019
13022
13023
13026
13026
13037
13041
13057
13063
13079
13084
13087
13092
13094
13096
13097
13099
13099
13100
13102
13108
13110
13113
13114
13123
13129
13134
13135
13141
13144
13147
13147
13160
13161
13166
13179
13185
13195
13196
13206
13209
13212
13215
13228
13229
13230
13234
13244
13252
13252
13254
13258
13258
13263
13265
13266
13272
13273
13276
13277
13279
13281
13288
13299
13300
13306
13306
13313
13314
13316
13320
13338
13343
13349
13353
13354
13355
13363
13363
13379
13384
13386
13390
13391
13391
13391
13394
13397
13399
13399
13401
13404
13404
13405
13406
13413
13414
13415
13416
13423
13426
13427
13430
13440
13451
13456
13458
13458
13459
13461
13465
13465
13466
13467
13478
13482
13483
13484
13484
13484
13488
13492
13493
13496
13498
13500
13502
13506
13513
13516
13517
13517
13518
13519
13520
13522
13525
13536
13540
13542
13544
13548
13552
13555
13556
13556
13563
13565
13569
13581
13590
13593
13597
13605
13616
13624
13630
13630
13633
13640
13640
13643
13654
13655
13661
13665
13676
13682
13686
13692
13693
13693
13705
13711
13714
13717
13722
13722
13742
13743
13746
13750
13752
13754
13756
13757
13762
13764
13766
13769
13770
13777
13784
13789
13791
13791
13792
13798
13802
13804
13811
13813
13821
13823
13823
13825
13828
13840
13844
13847
13849
13853
13855
13863
13871
13875
13879
13881
13882
13890
13890
13892
13898
13899
13900
13916
13917
13921
13921
13923
13928
13928
13933
13934
13935
13945
13953
13953
13955
13957
13960
13963
13972
13975
13979
13982
13986
13992
13994
13995
14009
14014
14017
14020
14025
14032
14038
14041
14043
14055
14056
14058
14060
14061
14064
14066
14068
14074
14079
14084
14084
14102
14106
14107
14123
14130
14150
14160
14162
14168
14173
14175
14178
14178
14178
14178
14179
14182
14198
14199
14202
14203
14207
14207
14207
14210
14211
14213
14215
14221
14226
14240
14243
14250
14253
14260
14262
14263
14281
14282
14284
14293
14297
14300
14305
14305
14306
14307
14325
14329
14336
14341
14353
14357
14359
14363
14369
14378
14379
14392
14394
14396
14400
14401
14405
14408
14409
14414
14414
14419
14422
14435
14437
14444
14454
14457
14457
14458
14460
14461
14467
14472
14473
14490
14490
14492
14492
14494
14497
14501
14504
14505
14512
14515
14518
14522
14522
14531
14531
14534
14538
14547
14559
14564
14566
14568
14571
14573
14576
14581
14582
14582
14588
14588
14598
14599
14601
14602
14608
14611
14615
14620
14621
14625
14625
14625
14633
14633
14636
14640
14642
14643
14651
14663
14663
14664
14672
14673
14675
14679
14681
14685
14685
14688
14693
14693
14694
14702
14705
14709
14713
14714
14723
14728
14729
14735
14738
14740
14746
14751
14760
14765
14768
14772
14782
14783
14785
14786
14790
14790
14793
14797
14805
14806
14811
14817
14825
14830
14832
14834
14838
14843
14846
14846
14857
14861
14877
14877
14883
14893
14896
14900
14901
14903
14905
14906
14907
14912
14936
14944
14951
14954
14962
14963
14963
14968
14970
14973
14975
14985
14990
14994
14995
14998
15003
15010
15028
15032
15034
15040
15041
15052
15053
15056
15060
15062
15066
15067
15071
15074
15083
15093
15101
15115
15119
15122
15123
15124
15126
15127
15134
15140
15147
15148
15148
15149
15161
15164
15169
15170
15170
15170
15173
15175
15186
15192
15192
15193
15198
15202
15204
15204
15208
15227
15231
15237
15238
15239
15253
15256
15261
15263
15268
15268
15269
15270
15273
15276
15280
15287
15304
15310
15310
15314
15314
15314
15318
15321
15329
15336
15345
15347
15352
15358
15365
15368
15379
15382
15387
15390
15403
15405
15408
15411
15412
15413
15413
15414
15415
15421
15427
15435
15445
15447
15448
15448
15448
15452
15456
15461
15462
15466
15466
15468
15471
15472
15473
15485
15489
15490
15498
15501
15505
15507
15509
15512
15514
15514
15516
15518
15523
15526
15529
15531
15540
15542
15543
15544
15551
15555
15564
15566
15570
15571
15574
15581
15585
15589
15589
15589
15597
15597
15597
15611
15612
15619
15622
15623
15624
15632
15641
15653
15656
15657
15658
15667
15673
15673
15676
15680
15681
15683
15689
15690
15697
15706
15714
15729
15733
15737
15737
15749
15754
15754
15755
15760
15762
15766
15769
15769
15769
15775
15784
15790
15791
15792
15798
15803
15807
15813
15819
15828
15830
15832
15837
15844
15848
15855
15856
15857
15859
15860
15864
15870
15870
15872
15882
15885
15891
15894
15896
15897
15900
15901
15912
15915
15929
15930
15931
15941
15943
15947
15948
15954
15955
15960
15968
15976
15977
15978
15981
15989
15996
16004
16011
16012
16018
16020
16024
16030
16034
16034
16035
16040
16041
16042
16046
16050
16050
16063
16064
16068
16069
16070
16072
16073
16074
16075
16078
16085
16099
16101
16101
16103
16106
16110
16117
16121
16131
16147
16153
16153
16158
16158
16159
16162
16166
16169
16171
16178
16183
16184
16195
16199
16203
16204
16204
16206
16209
16210
16216
16217
16218
16221
16222
16223
16233
16233
16237
16243
16248
16250
16252
16259
16259
16261
16264
16265
16275
16275
16277
16279
16284
16285
16296
16300
16304
16305
16309
16312
16318
16327
16330
16337
16339
16342
16345
16348
16350
16352
16373
16378
16384
16387
16395
16397
16397
16407
16412
16419
16421
16425
16430
16431
16435
16435
16438
16441
16442
16442
16453
16454
16455
16467
16479
16482
16485
16486
16486
16491
16494
16502
16502
16507
16513
16513
16514
16525
16527
16527
16531
16534
16537
16538
16541
16542
16543
16552
16570
16570
16573
16575
16576
16577
16579
16579
16584
16588
16592
16607
16610
16611
16612
16616
16620
16625
16631
16634
16634
16634
16640
16642
16642
16646
16648
16652
16652
16653
16655
16660
16673
16675
16694
16703
16709
16714
16717
16718
16726
16734
16741
16744
16755
16755
16758
16763
16763
16764
16769
16772
16778
16780
16788
16788
16790
16798
16803
16808
16809
16810
16812
16819
16828
16843
16844
16848
16857
16861
16872
16874
16876
16884
16884
16889
16891
16897
16899
16901
16906
16908
16917
16924
16928
16929
16937
16942
16950
16951
16956
16958
16977
16980
16981
16985
16989
16989
16992
16993
17000
17004
17005
17005
17005
17009
17009
17019
17024
17035
17035
17049
17051
17059
17061
17066
17069
17071
17079
17080
17082
17083
17092
17104
17104
17118
17126
17128
17129
17139
17140
17142
17143
17156
17157
17168
17170
17171
17175
17178
17184
17192
17208
17218
17224
17230
17235
17236
17240
17241
17253
17267
17271
17273
17286
17288
17290
17296
17296
17297
17300
17301
17305
17317
17323
17325
17327
17329
17330
17341
17344
17357
17358
17361
17363
17363
17389
17392
17398
17400
17414
17415
17417
17417
17435
17436
17443
17455
17459
17459
17475
17478
17484
17486
17487
17491
17497
17501
17501
17504
17506
17520
17520
17526
17540
17547
17547
17551
17551
17554
17554
17554
17555
17556
17562
17564
17565
17567
17573
17574
17581
17581
17591
17593
17600
17613
17619
17624
17628
17629
17629
17634
17636
17640
17644
17645
17647
17647
17668
17669
17677
17680
17683
17687
17692
17693
17705
17711
17713
17714
17718
17718
17721
17723
17723
17726
17742
17744
17745
17749
17749
17749
17754
17756
17762
17763
17770
17770
17781
17787
17790
17791
17793
17795
17796
17797
17797
17801
17808
17808
17820
17828
17832
17851
17851
17853
17856
17858
17868
17873
17880
17894
17910
17917
17930
17933
17934
17935
17943
17950
17950
17961
17962
17962
17969
17970
17970
17970
17971
17976
17977
17984
17985
17991
17995
18000
18000
18000
18000
18003
18011
18016
18020
18022
18023
18024
18026
18032
18036
18037
18042
18046
18046
18050
18077
18085
18102
18127
18129
18134
18136
18139
18143
18144
18153
18157
18162
18168
18172
18182
18184
18191
18197
18204
18210
18212
18214
18219
18236
18238
18244
18268
18272
18280
18285
18285
18289
18290
18292
18292
18295
18299
18300
18302
18302
18309
18312
18320
18322
18326
18327
18352
18364
18369
18369
18371
18372
18376
18378
18378
18383
18385
18403
18416
18422
18425
18425
18426
18426
18430
18442
18444
18445
18446
18451
18452
18463
18464
18470
18476
18490
18493
18508
18511
18512
18521
18543
18546
18557
18557
18567
18570
18572
18573
18574
18576
18590
18591
18594
18595
18607
18609
18610
18613
18614
18622
18627
18628
18629
18633
18639
18641
18643
18643
18643
18649
18660
18662
18664
18667
18668
18672
18672
18673
18674
18682
18698
18715
18716
18718
18719
18720
18722
18727
18736
18739
18740
18745
18749
18750
18754
18757
18758
18760
18769
18769
18769
18773
18773
18778
18781
18789
18797
18803
18804
18806
18806
18812
18815
18821
18827
18829
18833
18835
18837
18839
18847
18849
18849
18863
18863
18863
18865
18876
18880
18880
18888
18904
18908
18913
18921
18925
18926
18927
18928
18935
18944
18950
18952
18953
18962
18963
18966
18972
18973
18983
18986
18987
18989
18996
19005
19010
19010
19012
19013
19016
19017
19020
19022
19024
19027
19029
19031
19050
19054
19070
19075
19076
19080
19081
19084
19099
19103
19108
19119
19120
19143
19153
19160
19169
19171
19174
19175
19175
19178
19180
19183
19190
19191
19191
19192
19195
19197
19200
19205
19207
19212
19214
19217
19219
19220
19220
19222
19225
19226
19228
19232
19236
19245
19247
19250
19250
19252
19260
19266
19267
19268
19273
19274
19289
19291
19303
19311
19316
19317
19317
19318
19321
19321
19328
19340
19345
19349
19349
19352
19369
19380
19381
19389
19392
19394
19395
19422
19424
19427
19431
19437
19438
19442
19446
19454
19458
19467
19473
19479
19484
19484
19486
19491
19494
19497
19503
19507
19518
19519
19523
19526
19527
19529
19538
19543
19545
19546
19549
19558
19572
19574
19575
19579
19585
19588
19595
19599
19608
19611
19615
19619
19627
19635
19646
19649
19651
19658
19663
19666
19678
19679
19680
19683
19685
19690
19694
19696
19707
19711
19712
19723
19726
19735
19741
19742
19748
19761
19766
19774
19775
19776
19785
19788
19792
19793
19794
19796
19797
19800
19806
19808
19811
19814
19814
19817
19824
19825
19827
19835
19835
19842
19847
19849
19851
19852
19853
19854
19858
19866
19869
19870
19871
19872
19875
19878
19884
19892
19898
19902
19903
19912
19915
19915
19916
19930
19941
19942
19944
19949
19959
19960
19962
19964
19964
19964
19966
19972
19977
19979
19982
19983
19985
19987
20002
20003
20014
20014
20023
20024
20026
20038
20054
20054
20057
20058
20068
20078
20091
20093
20096
20103
20104
20112
20123
20126
20127
20135
20135
20137
20139
20139
20140
20140
20144
20157
20162
20175
20178
20189
20196
20209
20210
20217
20229
20233
20234
20235
20251
20257
20259
20266
20271
20272
20273
20278
20289
20293
20293
20294
20300
20301
20305
20306
20307
20315
20316
20318
20318
20319
20320
20321
20322
20323
20324
20325
20327
20335
20345
20346
20346
20349
20354
20354
20355
20358
20363
20365
20374
20378
20385
20395
20402
20412
20412
20413
20415
20419
20420
20431
20433
20435
20442
20444
20446
20450
20456
20458
20459
20460
20461
20468
20474
20474
20478
20484
20485
20486
20486
20487
20493
20501
20503
20507
20509
20520
20522
20522
20523
20524
20532
20536
20548
20550
20557
20567
20568
20572
20573
20575
20575
20578
20578
20579
20580
20590
20592
20592
20597
20609
20609
20633
20634
20640
20654
20654
20659
20681
20693
20697
20702
20713
20737
20740
20747
20753
20754
20756
20759
20767
20772
20778
20781
20781
20785
20785
20788
20790
20801
20807
20811
20817
20822
20825
20829
20832
20854
20869
20874
20882
20884
20884
20885
20890
20890
20891
20891
20893
20894
20899
20902
20906
20918
20919
20923
20926
20927
20929
20929
20935
20950
20959
20980
20980
20983
20984
20995
21000
21000
21003
21003
21010
21012
21013
21016
21019
21021
21021
21033
21042
21042
21044
21047
21048
21051
21053
21053
21064
21076
21076
21077
21091
21092
21100
21127
21138
21140
21144
21179
21180
21180
21188
21198
21199
21208
21216
21218
21222
21226
21236
21236
21238
21241
21249
21252
21256
21258
21258
21261
21262
21269
21270
21283
21286
21289
21290
21290
21293
21294
21295
21296
21301
21302
21303
21307
21310
21312
21314
21318
21320
21327
21331
21335
21337
21338
21341
21344
21356
21358
21365
21365
21366
21370
21373
21374
21375
21376
21383
21393
21394
21395
21396
21400
21401
21407
21412
21422
21423
21423
21441
21442
21445
21446
21448
21455
21456
21462
21462
21462
21465
21481
21493
21502
21502
21511
21511
21514
21519
21526
21533
21539
21550
21552
21556
21559
21562
21563
21564
21565
21565
21567
21584
21591
21597
21617
21618
21619
21623
21645
21647
21648
21652
21653
21654
21656
21660
21663
21663
21664
21665
21679
21682
21687
21695
21702
21708
21717
21721
21723
21723
21728
21734
21735
21743
21743
21745
21747
21747
21749
21752
21759
21771
21786
21790
21791
21797
21798
21808
21818
21818
21819
21827
21827
21831
21844
21847
21848
21850
21852
21858
21859
21865
21870
21876
21887
21888
21890
21892
21893
21899
21903
21904
21907
21908
21910
21910
21915
21915
21919
21921
21928
21937
21939
21942
21943
21950
21950
21951
21964
21964
21967
21967
21971
21972
21976
21977
21981
21983
21992
22000
22027
22037
22039
22041
22046
22046
22051
22053
22056
22060
22060
22081
22084
22085
22087
22087
22087
22091
22092
22094
22097
22109
22113
22117
22117
22117
22117
22118
22121
22129
22135
22144
22152
22162
22165
22170
22170
22174
22178
22182
22193
22196
22209
22212
22214
22216
22216
22220
22221
22226
22226
22227
22230
22248
22258
22266
22268
22268
22271
22273
22282
22287
22290
22290
22299
22310
22310
22312
22318
22319
22325
22325
22331
22338
22344
22350
22351
22354
22359
22359
22384
22387
22393
22404
22409
22416
22420
22428
22428
22436
22440
22447
22458
22465
22467
22468
22475
22477
22477
22482
22486
22489
22490
22490
22494
22506
22512
22516
22520
22525
22530
22535
22550
22553
22557
22566
22571
22572
22572
22583
22592
22597
22605
22605
22614
22621
22624
22627
22633
22637
22640
22642
22650
22651
22652
22657
22660
22669
22678
22687
22693
22701
22701
22710
22719
22721
22728
22732
22732
22734
22743
22749
22755
22755
22760
22761
22766
22767
22768
22778
22783
22783
22786
22793
22793
22800
22804
22814
22819
22836
22843
22846
22846
22860
22863
22864
22875
22876
22878
22889
22890
22891
22903
22904
22910
22918
22918
22921
22923
22936
22937
22942
22943
22945
22948
22949
22951
22953
22959
22972
22973
22977
22978
22982
22982
22983
22983
22990
22997
23001
23005
23021
23026
23031
23036
23038
23044
23057
23060
23061
23062
23066
23069
23074
23077
23085
23095
23096
23101
23103
23104
23109
23117
23119
23138
23139
23146
23149
23156
23168
23171
23173
23173
23181
23182
23183
23188
23201
23201
23215
23218
23222
23225
23232
23238
23244
23251
23254
23259
23259
23267
23271
23274
23279
23285
23286
23298
23300
23300
23310
23311
23311
23315
23315
23316
23317
23322
23327
23328
23336
23341
23346
23347
23352
23355
23359
23360
23373
23376
23376
23381
23381
23383
23385
23387
23401
23402
23403
23406
23409
23409
23409
23410
23413
23414
23414
23421
23423
23428
23441
23443
23450
23465
23465
23471
23475
23475
23478
23480
23480
23481
23483
23493
23504
23521
23525
23527
23527
23530
23532
23532
23537
23538
23539
23543
23544
23544
23558
23560
23568
23576
23576
23577
23582
23591
23596
23601
23604
23610
23610
23612
23622
23631
23640
23646
23650
23672
23672
23674
23676
23678
23678
23682
23684
23689
23698
23702
23702
23705
23714
23718
23735
23736
23738
23740
23743
23758
23767
23768
23773
23781
23791
23801
23808
23810
23813
23821
23823
23824
23829
23829
23836
23838
23852
23858
23859
23864
23867
23868
23882
23886
23888
23889
23898
23899
23900
23901
23907
23908
23909
23911
23915
23920
23926
23928
23929
23933
23934
23939
23947
23949
23953
23958
23958
23958
23959
23964
23967
23969
23970
23989
23991
23991
23996
23996
24006
24009
24009
24010
24023
24024
24028
24029
24029
24030
24034
24036
24037
24039
24040
24043
24049
24053
24059
24063
24063
24073
24073
24073
24074
24076
24076
24082
24087
24103
24103
24106
24115
24120
24123
24124
24125
24125
24139
24141
24146
24149
24150
24155
24159
24160
24164
24176
24184
24187
24192
24195
24206
24206
24210
24213
24213
24216
24219
24223
24223
24224
24233
24235
24237
24249
24251
24253
24258
24266
24267
24272
24273
24274
24274
24276
24278
24282
24283
24290
24297
24305
24307
24309
24318
24331
24332
24337
24343
24343
24347
24355
24362
24363
24382
24384
24397
24397
24399
24399
24400
24400
24407
24412
24415
24416
24419
24421
24421
24439
24443
24444
24446
24446
24448
24450
24475
24476
24480
24483
24484
24494
24495
24496
24506
24514
24519
24528
24532
24540
24548
24551
24554
24558
24559
24560
24561
24562
24567
24568
24569
24569
24571
24571
24574
24578
24579
24583
24584
24595
24598
24601
24614
24620
24620
24626
24644
24648
24649
24660
24660
24661
24662
24663
24667
24676
24680
24680
24684
24685
24689
24690
24694
24695
24704
24712
24713
24713
24733
24734
24736
24740
24742
24744
24751
24752
24753
24762
24762
24763
24769
24776
24779
24788
24788
24802
24806
24814
24815
24827
24838
24841
24850
24860
24862
24862
24864
24864
24867
24879
24881
24884
24892
24895
24898
24900
24904
24927
24930
24936
24936
24939
24946
24947
24955
24966
24976
24979
24982
24984
24984
24992
24992
24992
24992
25003
25014
25016
25017
25018
25020
25022
25026
25043
25046
25048
25054
25056
25057
25067
25077
25080
25083
25091
25093
25110
25130
25131
25134
25136
25139
25159
25161
25168
25169
25169
25206
25213
25215
25219
25226
25228
25233
25250
25253
25259
25264
25265
25272
25272
25273
25275
25275
25279
25281
25288
25288
25289
25294
25295
25300
25305
25308
25325
25328
25330
25333
25334
25336
25342
25343
25345
25345
25360
25364
25366
25372
25372
25372
25374
25376
25385
25386
25386
25394
25399
25401
25406
25406
25407
25407
25407
25409
25428
25443
25445
25446
25452
25457
25462
25468
25470
25470
25475
25480
25482
25487
25493
25500
25504
25534
25538
25550
25552
25557
25562
25563
25563
25566
25567
25575
25596
25598
25602
25608
25611
25613
25614
25617
25628
25634
25637
25639
25650
25657
25667
25667
25672
25689
25689
25692
25692
25695
25696
25697
25703
25707
25708
25722
25730
25735
25735
25739
25739
25748
25758
25764
25781
25785
25786
25788
25796
25800
25811
25821
25827
25828
25844
25853
25858
25860
25860
25861
25866
25867
25874
25879
25880
25889
25890
25895
25901
25903
25916
25919
25925
25925
25933
25934
25951
25960
25960
25962
25963
25964
25968
25985
25986
25993
26004
26005
26014
26015
26015
26016
26016
26018
26023
26028
26037
26038
26041
26042
26046
26051
26060
26069
26076
26083
26086
26087
26088
26090
26094
26104
26110
26110
26112
26118
26118
26119
26125
26137
26142
26143
26146
26162
26163
26168
26182
26185
26194
26196
26197
26197
26198
26201
26210
26223
26225
26229
26231
26232
26238
26240
26241
26244
26244
26250
26255
26264
26269
26271
26272
26284
26285
26288
26292
26292
26305
26309
26310
26310
26317
26320
26325
26332
26345
26350
26350
26354
26356
26359
26362
26365
26373
26373
26378
26378
26378
26379
26384
26384
26385
26390
26393
26394
26399
26399
26399
26401
26409
26410
26410
26414
26416
26418
26421
26422
26423
26430
26440
26441
26444
26445
26447
26449
26473
26477
26482
26493
26494
26499
26500
26503
26503
26506
26514
26515
26517
26525
26527
26544
26554
26557
26561
26564
26571
26572
26585
26590
26595
26597
26597
26600
26604
26605
26609
26620
26627
26631
26634
26635
26635
26640
26641
26645
26648
26652
26655
26659
26666
26667
26670
26681
26682
26682
26697
26697
26701
26705
26716
26717
26734
26734
26742
26744
26752
26759
26760
26766
26770
26775
26777
26785
26785
26786
26786
26788
26791
26797
26798
26800
26802
26809
26810
26811
26813
26814
26827
26835
26845
26849
26849
26851
26852
26871
26875
26890
26892
26892
26906
26907
26908
26917
26926
26927
26928
26946
26954
26956
26958
26959
26962
26966
26967
26968
26969
26972
26972
26982
26982
26983
26989
26990
26998
27007
27015
27029
27035
27041
27042
27051
27052
27057
27061
27072
27083
27085
27088
27088
27090
27097
27098
27106
27106
27110
27112
27130
27133
27140
27161
27162
27170
27174
27179
27183
27183
27185
27187
27201
27202
27204
27204
27206
27209
27212
27215
27221
27227
27229
27229
27233
27234
27235
27239
27251
27253
27277
27285
27285
27287
27288
27292
27292
27298
27299
27300
27322
27323
27333
27334
27334
27337
27338
27343
27346
27359
27367
27377
27383
27385
27385
27388
27391
27392
27397
27400
27403
27408
27412
27415
27422
27439
27442
27446
27472
27473
27482
27483
27496
27501
27509
27531
27534
27559
27563
27563
27564
27565
27571
27572
27573
27575
27577
27577
27578
27593
27595
27600
27602
27602
27608
27610
27615
27620
27628
27629
27629
27630
27639
27641
27646
27647
27650
27656
27662
27662
27668
27670
27678
27680
27682
27684
27684
27692
27696
27701
27702
27711
27723
27724
27726
27728
27730
27730
27732
27739
27743
27744
27745
27746
27748
27749
27754
27758
27764
27768
27781
27787
27795
27796
27801
27803
27803
27804
27805
27806
27809
27810
27817
27824
27825
27827
27833
27835
27841
27847
27852
27854
27855
27855
27862
27868
27872
27875
27879
27881
27886
27892
27901
27901
27903
27905
27905
27906
27908
27913
27930
27937
27938
27943
27951
27952
27953
27954
27966
27973
27977
27984
28002
28004
28005
28010
28017
28017
28018
28026
28038
28040
28043
28051
28062
28063
28070
28074
28074
28076
28077
28085
28085
28092
28094
28099
28107
28108
28115
28118
28121
28125
28129
28130
28132
28138
28139
28139
28140
28146
28146
28150
28153
28155
28160
28162
28168
28169
28175
28178
28183
28185
28187
28191
28192
28195
28198
28203
28203
28203
28205
28205
28209
28209
28214
28215
28220
28222
28224
28228
28236
28237
28250
28254
28262
28267
28269
28271
28274
28276
28280
28283
28294
28303
28314
28318
28321
28322
28327
28330
28334
28336
28338
28341
28342
28344
28347
28348
28351
28351
28353
28355
28360
28363
28375
28375
28378
28386
28386
28390
28398
28399
28399
28400
28402
28404
28409
28410
28416
28421
28422
28422
28427
28431
28435
28437
28440
28450
28457
28468
28471
28471
28475
28481
28482
28484
28484
28487
28489
28493
28516
28517
28517
28518
28524
28527
28528
28532
28551
28555
28555
28561
28562
28564
28567
28573
28583
28588
28596
28597
28598
28605
28612
28613
28614
28617
28623
28624
28629
28636
28637
28640
28644
28651
28657
28658
28658
28658
28659
28660
28686
28687
28691
28692
28695
28701
28704
28713
28715
28720
28723
28726
28742
28747
28760
28764
28764
28768
28772
28780
28789
28790
28795
28807
28821
28834
28838
28838
28838
28840
28843
28845
28846
28854
28857
28864
28868
28870
28879
28887
28897
28902
28906
28919
28919
28920
28930
28934
28934
28935
28936
28954
28961
28973
28974
28985
28987
28998
28999
29000
29002
29004
29027
29042
29049
29050
29051
29051
29059
29060
29061
29062
29064
29066
29066
29067
29081
29081
29085
29088
29095
29096
29104
29105
29113
29120
29121
29125
29126
29129
29132
29136
29138
29138
29139
29141
29146
29154
29155
29157
29159
29163
29164
29167
29170
29175
29182
29190
29193
29198
29204
29208
29214
29215
29222
29227
29229
29229
29236
29239
29245
29255
29258
29258
29263
29274
29279
29280
29281
29281
29282
29296
29300
29303
29306
29315
29316
29334
29335
29340
29340
29343
29348
29352
29356
29364
29366
29372
29372
29378
29385
29386
29387
29394
29396
29398
29406
29418
29423
29426
29429
29429
29430
29437
29450
29452
29452
29454
29455
29455
29466
29467
29473
29475
29478
29489
29491
29517
29520
29520
29526
29528
29530
29531
29531
29531
29532
29538
29541
29541
29545
29545
29548
29549
29565
29569
29578
29588
29594
29599
29602
29605
29616
29619
29620
29626
29626
29629
29633
29637
29641
29643
29645
29654
29664
29671
29672
29672
29679
29680
29682
29686
29692
29693
29699
29704
29712
29713
29717
29726
29732
29746
29755
29774
29782
29783
29784
29791
29792
29800
29810
29813
29814
29815
29816
29818
29818
29828
29829
29837
29842
29845
29847
29872
29877
29884
29888
29891
29896
29897
29910
29912
29923
29925
29930
29934
29937
29943
29945
29948
29949
29950
29960
29960
29963
29967
29968
29973
29977
29978
29979
29982
29987
29992
29995
29998
29999
30000
30001
30002
30003
30014
30015
30015
30016
30017
30023
30023
30032
30034
30037
30042
30045
30053
30054
30063
30071
30074
30075
30086
30087
30088
30092
30095
30101
30103
30110
30111
30112
30122
30129
30137
30139
30142
30148
30148
30158
30163
30163
30164
30165
30166
30169
30171
30176
30178
30184
30188
30202
30205
30209
30209
30225
30226
30229
30230
30230
30236
30237
30241
30242
30244
30246
30248
30256
30259
30270
30271
30276
30279
30283
30292
30300
30302
30303
30313
30315
30323
30330
30331
30331
30331
30336
30369
30369
30371
30373
30385
30391
30404
30409
30412
30417
30421
30426
30430
30435
30437
30443
30446
30446
30447
30447
30447
30450
30455
30456
30459
30461
30467
30469
30475
30476
30477
30477
30488
30488
30489
30492
30495
30499
30502
30502
30503
30510
30515
30517
30528
30531
30543
30544
30546
30548
30551
30555
30557
30561
30561
30566
30576
30578
30579
30582
30584
30588
30597
30600
30603
30607
30610
30623
30625
30649
30652
30655
30657
30659
30672
30680
30682
30682
30687
30687
30688
30693
30694
30694
30700
30704
30707
30708
30716
30721
30727
30729
30730
30735
30747
30750
30752
30753
30765
30766
30771
30776
30777
30784
30789
30796
30800
30803
30804
30804
30808
30817
30821
30828
30829
30838
30839
30846
30847
30849
30851
30854
30856
30866
30870
30870
30878
30883
30886
30892
30896
30899
30902
30903
30910
30911
30912
30923
30926
30928
30935
30936
30938
30943
30945
30947
30951
30952
30954
30957
30957
30958
30959
30980
30981
30990
30992
30992
31000
31001
31005
31008
31015
31018
31018
31027
31033
31037
31042
31045
31046
31050
31050
31050
31051
31052
31052
31059
31063
31063
31067
31068
31069
31073
31077
31077
31078
31082
31090
31095
31104
31112
31129
31136
31136
31137
31137
31140
31143
31146
31147
31148
31156
31157
31158
31161
31166
31181
31188
31189
31189
31194
31207
31215
31218
31219
31224
31226
31242
31251
31254
31256
31262
31264
31289
31292
31298
31299
31300
31305
31317
31317
31322
31326
31327
31327
31329
31333
31338
31366
31366
31379
31381
31382
31389
31389
31390
31394
31402
31402
31410
31424
31425
31428
31441
31444
31448
31449
31449
31454
31454
31457
31457
31459
31471
31480
31480
31488
31503
31504
31507
31508
31509
31513
31517
31523
31526
31529
31529
31534
31536
31541
31542
31542
31547
31555
31559
31564
31569
31571
31574
31577
31581
31585
31586
31587
31592
31594
31603
31612
31615
31617
31620
31624
31626
31629
31634
31641
31642
31642
31652
31654
31655
31656
31658
31663
31665
31673
31678
31683
31688
31692
31693
31694
31698
31707
31711
31717
31727
31728
31728
31729
31731
31732
31736
31745
31746
31747
31748
31755
31759
31761
31762
31767
31773
31778
31779
31784
31798
31798
31800
31810
31813
31819
31820
31820
31823
31831
31857
31859
31865
31865
31866
31871
31872
31872
31874
31876
31894
31896
31900
31902
31904
31912
31915
31921
31928
31929
31939
31942
31942
31945
31946
31951
31957
31961
31965
31967
31969
31972
31974
31981
31985
31991
31997
32000
32009
32015
32042
32044
32046
32058
32061
32068
32073
32074
32075
32079
32097
32098
32108
32110
32116
32125
32132
32148
32149
32152
32158
32160
32166
32167
32168
32169
32185
32190
32192
32193
32202
32221
32232
32237
32249
32256
32259
32262
32266
32270
32276
32277
32288
32288
32299
32314
32314
32316
32321
32321
32327
32327
32333
32335
32337
32338
32344
32358
32359
32361
32374
32376
32379
32381
32386
32387
32388
32407
32410
32410
32413
32420
32421
32421
32422
32423
32425
32425
32427
32439
32439
32443
32447
32448
32453
32454
32456
32457
32457
32460
32463
32468
32471
32473
32488
32498
32499
32503
32518
32519
32521
32522
32526
32536
32546
32546
32546
32547
32560
32561
32567
32571
32575
32576
32577
32581
32584
32594
32594
32599
32599
32601
32603
32608
32616
32618
32619
32626
32629
32633
32635
32637
32637
32638
32639
32646
32649
32654
32656
32659
32665
32666
32666
32669
32672
32684
32688
32692
32692
32694
32700
32703
32705
32707
32709
32710
32713
32717
32718
32724
32747
32749
32749
32753
32753
32755
32757
32764
32765
