10000
32754
32752
32750
32750
32750
32748
32747
32745
32743
32739
32738
32736
32735
32732
32727
32724
32723
32722
32716
32716
32715
32714
32706
32700
32700
32698
32696
32696
32695
32689
32688
32686
32677
32657
32657
32654
32647
32643
32634
32632
32616
32612
32609
32608
32606
32600
32587
32582
32581
32581
32579
32577
32575
32574
32567
32567
32562
32561
32557
32554
32554
32553
32552
32547
32546
32545
32543
32531
32530
32529
32528
32523
32520
32516
32510
32510
32509
32504
32496
32492
32490
32486
32479
32477
32472
32470
32469
32468
32467
32466
32465
32463
32460
32460
32460
32457
32456
32449
32447
32437
32430
32424
32422
32417
32415
32415
32414
32413
32412
32411
32409
32405
32400
32393
32389
32381
32380
32376
32374
32372
32369
32368
32367
32366
32363
32360
32360
32352
32346
32336
32331
32329
32328
32327
32314
32304
32289
32288
32286
32285
32284
32281
32281
32278
32274
32274
32271
32268
32267
32266
32265
32260
32251
32249
32247
32247
32243
32242
32239
32232
32232
32227
32225
32224
32223
32223
32217
32214
32207
32205
32204
32202
32194
32194
32188
32186
32181
32181
32178
32175
32168
32165
32164
32163
32162
32161
32157
32155
32148
32148
32138
32130
32128
32127
32123
32121
32108
32106
32104
32102
32102
32100
32094
32092
32086
32084
32083
32074
32073
32073
32071
32069
32068
32066
32066
32062
32059
32052
32042
32037
32035
32032
32026
32024
32020
32002
31998
31990
31990
31983
31980
31977
31976
31975
31971
31968
31964
31963
31962
31955
31953
31949
31943
31941
31941
31939
31939
31937
31927
31927
31926
31926
31924
31920
31916
31914
31909
31908
31905
31903
31903
31902
31900
31897
31897
31893
31893
31890
31888
31883
31882
31873
31872
31872
31870
31869
31869
31862
31860
31856
31853
31851
31851
31847
31845
31837
31833
31833
31832
31831
31831
31830
31828
31823
31812
31809
31804
31801
31800
31799
31796
31792
31787
31786
31780
31778
31771
31769
31767
31765
31760
31757
31755
31754
31753
31749
31748
31747
31747
31747
31745
31743
31735
31735
31733
31730
31729
31726
31723
31720
31719
31709
31708
31705
31703
31701
31697
31689
31686
31683
31680
31677
31676
31675
31674
31673
31667
31664
31663
31658
31658
31654
31654
31650
31649
31648
31648
31647
31645
31645
31640
31636
31629
31625
31620
31619
31616
31614
31613
31610
31595
31594
31591
31591
31588
31587
31582
31581
31574
31572
31572
31567
31563
31559
31558
31555
31553
31553
31551
31550
31548
31548
31547
31546
31540
31539
31537
31532
31528
31525
31520
31514
31513
31513
31513
31511
31507
31504
31503
31502
31496
31494
31494
31488
31486
31478
31473
31472
31472
31471
31465
31461
31461
31459
31458
31457
31455
31455
31453
31434
31433
31431
31428
31428
31428
31421
31412
31412
31410
31406
31404
31403
31401
31397
31395
31395
31394
31393
31393
31391
31388
31378
31374
31373
31372
31368
31362
31357
31340
31333
31324
31321
31317
31317
31313
31310
31306
31304
31304
31299
31299
31297
31296
31294
31294
31293
31291
31287
31284
31282
31278
31270
31266
31266
31263
31260
31258
31257
31254
31252
31246
31246
31245
31237
31232
31230
31226
31221
31215
31214
31214
31213
31211
31208
31204
31204
31201
31201
31199
31188
31188
31183
31182
31181
31180
31178
31173
31168
31168
31151
31150
31150
31146
31143
31134
31129
31129
31127
31125
31122
31117
31115
31114
31114
31111
31111
31106
31103
31100
31094
31094
31091
31082
31078
31074
31059
31054
31044
31041
31039
31034
31032
31029
31013
31011
31009
31002
30995
30994
30993
30993
30989
30976
30975
30967
30965
30964
30960
30956
30953
30946
30942
30938
30935
30931
30930
30927
30925
30918
30915
30909
30905
30903
30902
30900
30899
30899
30897
30895
30894
30886
30885
30882
30880
30878
30874
30872
30871
30866
30853
30853
30852
30847
30846
30839
30837
30834
30833
30829
30823
30823
30810
30806
30800
30797
30789
30786
30783
30782
30782
30775
30775
30762
30757
30754
30753
30749
30745
30743
30741
30739
30734
30733
30733
30730
30728
30723
30721
30705
30704
30699
30698
30692
30684
30684
30665
30662
30661
30653
30653
30645
30645
30637
30635
30634
30632
30630
30622
30622
30622
30618
30617
30616
30608
30608
30604
30604
30599
30599
30596
30590
30589
30581
30574
30574
30573
30570
30569
30568
30561
30553
30552
30551
30549
30539
30535
30532
30527
30525
30522
30511
30509
30507
30506
30506
30505
30502
30498
30495
30489
30485
30484
30482
30481
30478
30478
30478
30474
30474
30467
30455
30446
30444
30443
30434
30432
30430
30427
30420
30417
30415
30413
30413
30405
30403
30402
30392
30391
30390
30388
30386
30376
30376
30373
30373
30373
30372
30372
30370
30370
30367
30366
30365
30362
30362
30354
30350
30347
30334
30332
30331
30330
30328
30328
30322
30316
30314
30311
30310
30309
30298
30298
30294
30286
30285
30282
30280
30257
30256
30254
30253
30253
30248
30244
30244
30244
30244
30242
30241
30239
30239
30238
30236
30234
30231
30227
30224
30219
30218
30216
30216
30210
30206
30206
30205
30204
30197
30187
30184
30180
30174
30169
30169
30165
30165
30161
30157
30154
30154
30153
30150
30148
30145
30134
30126
30126
30118
30113
30113
30112
30108
30101
30099
30098
30087
30084
30078
30072
30072
30070
30069
30067
30064
30059
30059
30057
30055
30055
30054
30052
30045
30043
30040
30035
30035
30033
30033
30030
30017
30014
30013
29998
29998
29993
29990
29982
29979
29978
29976
29976
29973
29959
29957
29955
29953
29949
29948
29947
29946
29945
29933
29929
29927
29925
29924
29923
29923
29917
29916
29914
29914
29913
29911
29904
29893
29890
29887
29886
29886
29882
29870
29868
29868
29867
29867
29866
29865
29861
29848
29848
29847
29846
29846
29843
29830
29830
29829
29824
29818
29817
29811
29809
29808
29807
29807
29805
29799
29795
29794
29794
29793
29786
29780
29776
29774
29773
29771
29770
29767
29763
29761
29756
29756
29755
29751
29748
29741
29734
29721
29720
29719
29719
29718
29717
29713
29710
29704
29701
29695
29690
29689
29688
29686
29685
29685
29685
29684
29681
29677
29677
29674
29672
29671
29669
29669
29665
29664
29661
29656
29656
29655
29653
29650
29645
29642
29637
29632
29632
29631
29631
29628
29626
29625
29620
29619
29617
29615
29615
29610
29610
29605
29603
29602
29596
29596
29596
29575
29574
29573
29571
29570
29563
29562
29552
29548
29542
29540
29538
29516
29516
29514
29511
29506
29504
29499
29492
29491
29491
29491
29490
29488
29487
29487
29487
29487
29485
29479
29467
29459
29457
29449
29447
29444
29442
29442
29441
29440
29434
29433
29429
29419
29418
29416
29415
29414
29413
29412
29411
29408
29406
29403
29394
29381
29381
29380
29377
29373
29371
29363
29363
29363
29359
29351
29351
29344
29342
29338
29333
29331
29330
29321
29320
29317
29313
29312
29311
29310
29309
29308
29307
29294
29294
29293
29293
29291
29287
29276
29276
29275
29274
29269
29269
29263
29258
29255
29245
29235
29235
29234
29232
29231
29220
29219
29218
29218
29216
29210
29205
29203
29202
29197
29193
29191
29191
29189
29179
29178
29174
29166
29164
29163
29159
29154
29152
29143
29140
29139
29137
29127
29126
29103
29092
29090
29087
29075
29074
29073
29071
29055
29055
29050
29046
29046
29036
29035
29034
29033
29029
29029
29028
29026
29024
29022
29012
29011
29008
28997
28996
28995
28994
28994
28990
28988
28986
28986
28985
28982
28975
28974
28974
28972
28968
28968
28966
28966
28965
28963
28962
28961
28957
28956
28956
28952
28951
28949
28948
28947
28946
28939
28938
28934
28933
28930
28921
28914
28912
28911
28909
28908
28906
28904
28901
28899
28892
28877
28874
28870
28865
28864
28863
28863
28858
28858
28853
28853
28852
28852
28852
28851
28851
28847
28844
28839
28835
28832
28828
28824
28823
28819
28812
28806
28795
28795
28791
28790
28784
28777
28777
28776
28771
28763
28759
28753
28752
28751
28748
28742
28742
28741
28739
28738
28737
28728
28723
28723
28721
28719
28716
28715
28712
28711
28711
28710
28705
28705
28704
28702
28698
28688
28688
28680
28678
28678
28670
28669
28663
28662
28660
28642
28642
28641
28638
28627
28624
28621
28596
28595
28574
28570
28568
28567
28558
28557
28556
28546
28544
28536
28534
28533
28532
28532
28532
28527
28517
28517
28513
28504
28500
28498
28496
28493
28491
28491
28478
28478
28477
28477
28475
28469
28467
28464
28464
28461
28461
28460
28456
28452
28448
28442
28438
28435
28426
28419
28415
28410
28408
28405
28401
28398
28397
28394
28393
28392
28390
28385
28379
28378
28375
28374
28363
28360
28358
28357
28349
28344
28341
28339
28332
28330
28328
28326
28325
28321
28316
28311
28306
28306
28304
28296
28291
28288
28286
28286
28282
28279
28278
28277
28274
28273
28271
28270
28262
28258
28258
28251
28246
28239
28235
28233
28227
28226
28214
28214
28213
28210
28204
28199
28190
28182
28181
28180
28178
28170
28167
28167
28166
28165
28155
28151
28136
28136
28121
28121
28121
28117
28113
28108
28107
28105
28097
28086
28086
28084
28081
28076
28074
28074
28072
28064
28050
28049
28046
28041
28040
28038
28035
28032
28031
28031
28023
28022
28021
28019
28012
28011
28000
27997
27995
27993
27990
27989
27988
27987
27981
27967
27961
27957
27956
27948
27946
27940
27939
27935
27934
27934
27931
27929
27922
27918
27911
27910
27904
27900
27899
27899
27897
27892
27889
27881
27881
27881
27875
27873
27867
27864
27855
27844
27843
27841
27839
27838
27835
27833
27830
27822
27818
27817
27808
27805
27801
27800
27796
27796
27792
27791
27786
27785
27782
27780
27776
27767
27764
27757
27753
27746
27745
27736
27726
27718
27712
27711
27708
27705
27702
27702
27698
27696
27695
27693
27692
27689
27688
27687
27683
27681
27676
27675
27668
27665
27658
27658
27658
27658
27658
27652
27648
27642
27635
27629
27625
27622
27615
27607
27605
27595
27591
27590
27589
27583
27579
27564
27562
27556
27556
27552
27547
27545
27544
27542
27542
27538
27537
27534
27521
27516
27511
27506
27500
27493
27488
27478
27475
27474
27469
27468
27463
27462
27462
27450
27449
27447
27443
27443
27437
27432
27429
27427
27427
27420
27419
27416
27409
27405
27404
27404
27388
27374
27373
27369
27368
27366
27356
27355
27352
27352
27351
27350
27338
27338
27337
27331
27331
27329
27328
27325
27324
27319
27305
27298
27290
27290
27286
27283
27278
27277
27258
27257
27253
27253
27249
27248
27242
27241
27237
27237
27236
27234
27227
27223
27220
27217
27213
27211
27207
27204
27196
27195
27192
27186
27185
27184
27182
27180
27178
27177
27177
27167
27165
27164
27164
27163
27160
27155
27154
27154
27153
27150
27141
27132
27132
27112
27112
27111
27109
27108
27105
27102
27098
27097
27092
27091
27090
27089
27087
27081
27077
27076
27072
27070
27069
27065
27061
27051
27045
27040
27039
27038
27037
27036
27036
27032
27027
27020
27013
27009
27003
27001
26998
26990
26983
26976
26965
26960
26960
26956
26947
26943
26939
26935
26934
26933
26921
26918
26918
26918
26916
26909
26909
26909
26909
26908
26906
26900
26898
26892
26888
26886
26885
26883
26879
26879
26876
26872
26872
26867
26862
26853
26847
26831
26830
26830
26830
26829
26827
26816
26815
26815
26812
26811
26810
26809
26808
26805
26801
26801
26800
26795
26781
26775
26774
26774
26767
26763
26759
26758
26758
26756
26755
26753
26753
26752
26745
26722
26721
26719
26717
26715
26714
26710
26709
26706
26699
26699
26697
26696
26693
26680
26677
26672
26667
26664
26663
26663
26660
26659
26659
26655
26649
26645
26641
26639
26637
26637
26632
26629
26628
26625
26625
26624
26614
26611
26609
26605
26605
26604
26604
26603
26597
26597
26594
26590
26588
26588
26575
26565
26562
26559
26558
26554
26553
26552
26549
26548
26543
26542
26542
26542
26537
26535
26535
26534
26532
26531
26525
26525
26518
26516
26514
26511
26506
26506
26505
26505
26504
26503
26502
26494
26491
26489
26483
26482
26479
26479
26478
26477
26476
26472
26471
26467
26467
26466
26454
26453
26452
26443
26442
26442
26438
26434
26432
26424
26419
26409
26406
26403
26403
26401
26391
26391
26388
26386
26375
26367
26365
26364
26363
26353
26339
26332
26327
26327
26319
26309
26309
26308
26301
26297
26294
26287
26287
26280
26275
26273
26267
26266
26265
26263
26256
26255
26237
26232
26231
26231
26229
26227
26224
26223
26219
26217
26214
26203
26202
26202
26196
26192
26190
26188
26185
26179
26178
26177
26168
26167
26156
26149
26149
26143
26141
26138
26125
26124
26118
26117
26116
26115
26114
26108
26107
26099
26091
26086
26083
26082
26080
26078
26076
26068
26067
26065
26063
26055
26054
26053
26050
26050
26047
26039
26038
26037
26035
26034
26024
26020
26013
26010
26008
25996
25994
25978
25975
25975
25973
25971
25970
25968
25966
25961
25961
25953
25953
25951
25949
25946
25946
25943
25939
25939
25929
25927
25926
25923
25919
25907
25902
25901
25896
25895
25895
25892
25888
25887
25884
25879
25874
25871
25867
25863
25859
25857
25853
25850
25846
25846
25844
25841
25835
25832
25823
25816
25815
25811
25809
25808
25806
25805
25802
25800
25797
25796
25795
25791
25788
25784
25778
25774
25765
25764
25764
25760
25760
25756
25751
25749
25747
25741
25737
25734
25732
25732
25725
25723
25723
25719
25712
25708
25697
25697
25696
25695
25693
25687
25684
25675
25672
25667
25661
25658
25654
25654
25653
25652
25641
25641
25640
25640
25639
25631
25628
25627
25626
25625
25624
25623
25623
25621
25620
25620
25610
25607
25606
25601
25598
25597
25595
25591
25589
25583
25583
25582
25578
25577
25567
25567
25566
25563
25560
25559
25551
25546
25540
25538
25534
25531
25530
25530
25523
25523
25517
25516
25515
25514
25514
25513
25506
25505
25503
25498
25496
25487
25482
25475
25468
25468
25466
25465
25464
25464
25464
25463
25460
25459
25458
25456
25452
25452
25447
25440
25436
25431
25428
25428
25426
25422
25422
25418
25417
25410
25409
25407
25406
25402
25401
25394
25394
25389
25389
25388
25386
25383
25383
25380
25376
25372
25371
25371
25362
25355
25350
25343
25341
25337
25334
25329
25329
25326
25326
25324
25324
25323
25314
25313
25311
25309
25305
25299
25295
25294
25289
25288
25286
25286
25277
25275
25275
25272
25266
25263
25262
25261
25256
25256
25254
25254
25252
25251
25246
25240
25236
25225
25219
25215
25215
25214
25211
25206
25204
25203
25196
25195
25193
25193
25190
25189
25187
25177
25176
25168
25166
25165
25165
25163
25160
25159
25158
25152
25148
25145
25144
25140
25131
25129
25126
25125
25119
25119
25117
25111
25110
25109
25104
25101
25099
25096
25092
25083
25082
25082
25078
25076
25066
25064
25059
25056
25055
25050
25048
25043
25037
25037
25037
25019
25005
25005
25004
25004
24999
24996
24994
24990
24985
24985
24983
24983
24982
24976
24967
24966
24966
24958
24958
24957
24955
24952
24948
24945
24942
24938
24937
24936
24935
24925
24924
24922
24922
24921
24919
24918
24918
24917
24917
24912
24911
24908
24898
24893
24881
24872
24867
24865
24863
24862
24861
24861
24857
24855
24848
24844
24838
24835
24834
24833
24832
24831
24829
24826
24826
24824
24821
24815
24810
24809
24804
24801
24800
24784
24782
24781
24774
24768
24767
24758
24757
24756
24752
24749
24749
24748
24747
24744
24733
24726
24723
24722
24715
24710
24710
24708
24706
24700
24700
24694
24688
24687
24685
24683
24680
24678
24675
24673
24672
24668
24661
24661
24660
24655
24650
24647
24645
24639
24636
24635
24631
24631
24630
24629
24627
24626
24623
24619
24619
24615
24606
24592
24588
24582
24576
24575
24572
24571
24565
24562
24558
24555
24554
24554
24541
24540
24534
24529
24523
24521
24520
24517
24516
24514
24512
24510
24504
24497
24496
24496
24494
24490
24488
24488
24479
24476
24474
24472
24471
24470
24464
24462
24461
24461
24458
24458
24458
24453
24453
24452
24446
24444
24439
24436
24417
24417
24416
24416
24415
24414
24409
24409
24403
24403
24390
24389
24388
24385
24383
24377
24377
24375
24375
24368
24360
24360
24360
24353
24353
24353
24352
24352
24349
24344
24344
24341
24336
24331
24329
24328
24327
24326
24321
24321
24321
24320
24316
24310
24301
24294
24293
24293
24292
24291
24290
24289
24279
24274
24273
24265
24265
24255
24252
24252
24249
24246
24244
24243
24241
24239
24237
24233
24228
24226
24221
24220
24219
24216
24211
24210
24207
24206
24204
24203
24199
24198
24197
24185
24177
24170
24164
24159
24159
24159
24158
24158
24156
24150
24145
24140
24136
24136
24133
24132
24127
24126
24125
24117
24116
24109
24108
24108
24108
24105
24097
24077
24077
24075
24068
24059
24059
24057
24056
24049
24047
24045
24038
24032
24027
24026
24025
24018
24015
24015
24012
24011
24011
24009
24004
24003
23999
23992
23991
23990
23988
23987
23986
23981
23980
23979
23977
23973
23973
23973
23972
23966
23960
23949
23947
23943
23942
23938
23934
23932
23930
23926
23915
23914
23913
23913
23910
23905
23903
23899
23897
23891
23889
23888
23887
23880
23876
23875
23873
23869
23867
23866
23865
23861
23846
23843
23838
23837
23837
23830
23830
23830
23829
23828
23823
23816
23813
23813
23809
23808
23806
23803
23802
23797
23796
23792
23788
23782
23781
23775
23768
23766
23765
23764
23762
23760
23760
23760
23757
23755
23754
23751
23748
23746
23741
23736
23736
23735
23731
23730
23730
23729
23721
23718
23717
23716
23716
23710
23699
23681
23681
23680
23672
23671
23669
23668
23666
23661
23661
23660
23659
23654
23652
23649
23648
23645
23639
23639
23638
23637
23629
23627
23624
23623
23614
23601
23600
23593
23587
23586
23584
23581
23576
23575
23574
23574
23569
23566
23566
23565
23561
23561
23559
23558
23557
23556
23551
23544
23543
23542
23541
23541
23540
23536
23523
23522
23517
23508
23507
23504
23503
23502
23501
23499
23497
23496
23490
23487
23485
23480
23478
23475
23475
23471
23463
23463
23461
23457
23446
23444
23441
23441
23440
23439
23433
23430
23429
23427
23422
23420
23419
23418
23415
23411
23407
23403
23403
23402
23396
23392
23389
23380
23379
23371
23363
23355
23350
23349
23348
23343
23334
23332
23330
23329
23326
23325
23320
23317
23314
23314
23309
23303
23300
23295
23293
23286
23280
23269
23266
23264
23263
23261
23261
23253
23245
23243
23243
23238
23235
23230
23227
23220
23210
23206
23203
23202
23199
23199
23198
23196
23193
23193
23192
23190
23183
23181
23174
23164
23162
23160
23156
23152
23145
23141
23139
23139
23138
23134
23134
23134
23128
23126
23125
23121
23111
23110
23106
23096
23096
23096
23095
23082
23075
23075
23070
23062
23062
23050
23043
23041
23037
23035
23033
23025
23024
23022
23015
23013
23009
23009
23005
23004
23001
22996
22992
22992
22991
22990
22990
22986
22979
22971
22967
22961
22951
22950
22948
22944
22942
22940
22936
22931
22930
22930
22929
22928
22928
22919
22912
22911
22911
22907
22887
22886
22885
22882
22879
22872
22869
22859
22856
22854
22849
22846
22843
22838
22837
22833
22833
22824
22823
22818
22816
22815
22814
22809
22801
22797
22795
22795
22795
22791
22790
22789
22784
22773
22769
22762
22762
22758
22755
22752
22751
22750
22740
22729
22728
22723
22719
22719
22711
22711
22710
22709
22708
22706
22705
22704
22698
22697
22697
22696
22692
22689
22686
22680
22680
22679
22678
22676
22673
22669
22669
22666
22662
22662
22660
22656
22655
22655
22643
22641
22636
22633
22630
22630
22605
22600
22597
22593
22591
22588
22582
22577
22576
22576
22574
22572
22569
22567
22563
22563
22561
22560
22560
22558
22556
22555
22552
22551
22542
22541
22539
22538
22534
22530
22526
22526
22519
22515
22515
22510
22509
22497
22489
22487
22485
22482
22476
22475
22470
22467
22466
22453
22450
22448
22447
22447
22445
22442
22440
22438
22433
22432
22428
22427
22426
22425
22424
22422
22418
22415
22407
22406
22401
22399
22398
22397
22395
22391
22387
22384
22384
22382
22376
22375
22372
22372
22371
22370
22362
22360
22359
22357
22346
22345
22340
22329
22325
22324
22316
22316
22313
22311
22311
22308
22305
22303
22302
22302
22299
22296
22292
22290
22286
22286
22283
22274
22273
22271
22270
22270
22262
22261
22259
22258
22255
22252
22251
22248
22248
22247
22244
22243
22242
22240
22239
22238
22238
22230
22228
22226
22226
22225
22225
22222
22221
22219
22214
22211
22210
22209
22209
22205
22199
22193
22193
22185
22182
22178
22177
22172
22171
22166
22155
22154
22151
22149
22147
22133
22127
22126
22126
22120
22118
22116
22115
22115
22114
22106
22102
22096
22091
22090
22087
22086
22082
22078
22077
22076
22074
22074
22066
22062
22052
22048
22047
22042
22040
22037
22036
22034
22033
22030
22028
22025
22024
22020
22016
22013
22011
22011
22011
22009
22009
22006
22005
22004
21998
21996
21992
21991
21983
21982
21980
21978
21977
21977
21969
21965
21962
21961
21961
21960
21959
21958
21956
21955
21954
21954
21949
21945
21941
21938
21936
21934
21925
21920
21917
21915
21915
21914
21913
21913
21913
21909
21907
21907
21903
21900
21899
21897
21895
21893
21891
21889
21884
21882
21876
21873
21870
21869
21861
21858
21856
21852
21851
21845
21844
21830
21830
21826
21815
21812
21811
21811
21809
21807
21805
21802
21795
21795
21791
21791
21790
21783
21777
21773
21772
21769
21768
21760
21756
21755
21752
21750
21750
21750
21743
21741
21741
21738
21737
21733
21732
21728
21721
21715
21712
21707
21706
21704
21704
21698
21697
21693
21693
21689
21684
21682
21675
21671
21669
21665
21664
21663
21661
21660
21658
21656
21651
21649
21648
21647
21644
21635
21634
21632
21631
21627
21623
21611
21607
21606
21604
21603
21603
21600
21591
21588
21587
21586
21578
21577
21574
21568
21568
21566
21565
21565
21550
21545
21543
21542
21538
21535
21531
21531
21527
21523
21512
21509
21509
21506
21498
21491
21479
21479
21478
21475
21473
21473
21472
21467
21465
21462
21459
21456
21446
21445
21433
21429
21427
21426
21426
21419
21414
21414
21413
21410
21409
21409
21408
21408
21406
21403
21402
21401
21397
21393
21385
21374
21373
21370
21364
21363
21363
21362
21351
21349
21349
21343
21339
21337
21334
21329
21326
21319
21318
21313
21308
21303
21299
21296
21292
21292
21289
21281
21277
21274
21273
21271
21269
21267
21264
21263
21258
21256
21256
21254
21254
21250
21249
21248
21246
21242
21240
21239
21239
21232
21231
21229
21226
21226
21220
21216
21213
21213
21213
21213
21206
21203
21200
21198
21193
21183
21178
21174
21172
21172
21166
21164
21154
21154
21154
21153
21149
21146
21143
21142
21141
21139
21139
21137
21131
21129
21128
21127
21126
21126
21123
21122
21119
21117
21113
21111
21107
21107
21105
21105
21101
21097
21097
21096
21093
21092
21090
21090
21089
21086
21084
21077
21076
21072
21072
21070
21064
21058
21056
21055
21052
21050
21048
21045
21044
21042
21034
21034
21034
21033
21032
21025
21019
21016
21015
21012
21010
21006
21005
21000
20997
20994
20988
20986
20981
20976
20972
20969
20969
20968
20967
20965
20962
20959
20955
20953
20944
20944
20944
20943
20943
20943
20939
20936
20936
20935
20933
20932
20932
20927
20927
20925
20924
20922
20920
20920
20915
20904
20901
20899
20897
20891
20887
20885
20884
20883
20877
20877
20876
20872
20870
20862
20857
20857
20856
20855
20855
20854
20854
20854
20850
20848
20845
20842
20838
20834
20830
20828
20827
20825
20823
20818
20818
20817
20817
20812
20807
20807
20805
20805
20803
20801
20800
20798
20796
20796
20794
20793
20786
20785
20781
20776
20770
20770
20768
20764
20752
20749
20727
20725
20722
20721
20718
20718
20708
20706
20698
20698
20697
20694
20690
20681
20681
20676
20672
20669
20668
20668
20659
20657
20657
20657
20654
20654
20649
20646
20641
20641
20636
20633
20626
20625
20625
20618
20618
20617
20617
20604
20603
20596
20591
20586
20577
20575
20569
20563
20562
20559
20556
20555
20553
20546
20546
20546
20531
20530
20528
20524
20523
20514
20509
20508
20504
20503
20500
20498
20491
20485
20484
20482
20482
20480
20477
20475
20475
20465
20462
20457
20457
20452
20448
20445
20445
20442
20441
20439
20437
20430
20428
20418
20414
20414
20413
20409
20403
20391
20388
20387
20386
20373
20369
20367
20360
20356
20346
20344
20337
20332
20329
20326
20324
20322
20312
20300
20298
20295
20295
20289
20284
20280
20273
20270
20268
20264
20262
20262
20261
20257
20250
20249
20243
20238
20234
20230
20227
20221
20220
20218
20218
20218
20210
20199
20199
20193
20192
20192
20191
20188
20183
20183
20182
20181
20175
20175
20170
20168
20164
20163
20155
20154
20154
20153
20152
20151
20149
20142
20141
20137
20130
20126
20122
20120
20116
20114
20112
20111
20107
20106
20102
20100
20097
20094
20093
20085
20065
20059
20052
20052
20042
20038
20038
20037
20034
20032
20028
20027
20027
20027
20025
20024
20021
20011
20009
20008
20008
20008
20007
20006
19995
19989
19987
19987
19981
19978
19971
19970
19969
19969
19966
19964
19959
19952
19946
19945
19939
19936
19936
19930
19924
19919
19914
19914
19912
19900
19896
19885
19884
19882
19880
19876
19875
19874
19871
19860
19857
19856
19849
19847
19842
19839
19823
19815
19815
19813
19813
19806
19801
19797
19794
19792
19788
19787
19784
19782
19782
19780
19772
19769
19759
19756
19756
19751
19747
19743
19742
19741
19738
19737
19730
19724
19724
19721
19719
19719
19718
19717
19717
19710
19707
19707
19702
19699
19698
19697
19693
19682
19679
19676
19670
19666
19663
19662
19662
19662
19661
19658
19658
19655
19654
19646
19645
19644
19639
19635
19633
19632
19631
19622
19617
19617
19616
19616
19613
19607
19605
19603
19588
19586
19578
19577
19577
19576
19575
19574
19573
19569
19567
19567
19565
19565
19560
19557
19555
19546
19544
19542
19540
19535
19534
19531
19530
19527
19527
19524
19523
19520
19518
19516
19510
19505
19496
19493
19489
19489
19478
19477
19476
19472
19471
19471
19460
19458
19457
19456
19448
19442
19439
19430
19429
19427
19422
19419
19417
19416
19415
19409
19409
19407
19404
19403
19400
19398
19397
19396
19391
19386
19384
19382
19382
19381
19378
19374
19370
19367
19359
19359
19356
19350
19349
19348
19343
19343
19332
19327
19326
19322
19320
19311
19310
19310
19307
19304
19304
19299
19298
19288
19284
19275
19274
19272
19264
19257
19257
19256
19251
19249
19245
19244
19243
19239
19235
19234
19230
19227
19226
19224
19220
19218
19217
19216
19215
19213
19209
19206
19204
19191
19190
19185
19184
19180
19179
19179
19177
19175
19171
19171
19170
19169
19168
19164
19161
19152
19152
19150
19149
19145
19135
19134
19131
19128
19119
19119
19118
19116
19111
19110
19108
19102
19099
19099
19080
19062
19058
19058
19052
19046
19041
19038
19024
19021
19021
19015
19014
19011
19008
19005
19001
18999
18991
18985
18980
18978
18973
18972
18968
18968
18964
18964
18963
18958
18950
18943
18939
18939
18933
18927
18923
18923
18920
18916
18914
18913
18912
18904
18903
18901
18897
18897
18890
18889
18888
18887
18886
18883
18874
18873
18872
18853
18847
18845
18844
18840
18836
18832
18830
18827
18827
18822
18818
18818
18816
18816
18815
18814
18810
18808
18807
18806
18803
18802
18800
18798
18795
18793
18787
18786
18778
18773
18769
18757
18753
18749
18748
18748
18744
18742
18738
18733
18730
18730
18727
18717
18711
18709
18703
18698
18696
18693
18687
18682
18682
18679
18672
18667
18667
18666
18666
18662
18661
18658
18657
18640
18640
18635
18623
18621
18620
18615
18613
18597
18592
18586
18583
18583
18579
18574
18571
18560
18559
18556
18553
18553
18553
18548
18546
18542
18541
18541
18537
18531
18530
18530
18528
18519
18519
18514
18510
18510
18510
18504
18503
18491
18489
18488
18486
18485
18483
18481
18477
18477
18473
18470
18468
18465
18462
18449
18441
18433
18425
18420
18413
18405
18403
18391
18385
18377
18377
18365
18363
18352
18345
18338
18338
18336
18331
18328
18327
18325
18317
18316
18306
18306
18303
18289
18288
18285
18279
18277
18273
18267
18265
18261
18257
18255
18251
18250
18249
18246
18245
18240
18240
18238
18236
18235
18233
18232
18228
18227
18223
18220
18211
18210
18208
18206
18206
18205
18201
18198
18196
18196
18189
18189
18184
18177
18172
18168
18161
18158
18158
18157
18146
18145
18143
18134
18130
18125
18124
18123
18120
18118
18118
18113
18108
18104
18103
18102
18102
18099
18098
18098
18096
18091
18090
18085
18083
18082
18080
18077
18073
18070
18070
18063
18059
18054
18050
18045
18043
18043
18043
18037
18037
18034
18031
18025
18023
18023
18021
18019
18013
18010
18004
18004
18003
17998
17993
17981
17976
17971
17967
17962
17958
17957
17956
17952
17948
17946
17943
17936
17934
17934
17932
17902
17893
17885
17879
17878
17876
17876
17875
17870
17868
17867
17845
17843
17840
17840
17839
17838
17821
17821
17821
17821
17806
17804
17798
17794
17792
17792
17790
17789
17784
17784
17778
17772
17768
17762
17755
17754
17753
17752
17749
17749
17742
17740
17734
17732
17732
17731
17727
17724
17723
17722
17714
17709
17707
17704
17700
17698
17691
17689
17685
17682
17682
17678
17676
17673
17671
17663
17661
17661
17660
17658
17654
17654
17651
17650
17647
17646
17641
17639
17631
17627
17626
17625
17625
17621
17618
17616
17611
17611
17610
17600
17600
17597
17593
17591
17583
17580
17580
17574
17574
17571
17569
17562
17559
17558
17558
17554
17552
17552
17546
17539
17535
17529
17527
17518
17518
17515
17515
17512
17511
17511
17501
17497
17493
17492
17489
17483
17481
17479
17478
17477
17475
17475
17460
17459
17457
17454
17453
17450
17450
17438
17432
17432
17430
17430
17429
17427
17426
17412
17411
17410
17407
17407
17405
17397
17396
17396
17394
17388
17382
17380
17376
17369
17368
17364
17362
17359
17353
17353
17352
17349
17347
17344
17343
17332
17330
17325
17306
17297
17294
17289
17285
17282
17282
17282
17281
17281
17281
17281
17279
17279
17278
17275
17267
17263
17259
17252
17251
17251
17245
17234
17232
17230
17220
17215
17214
17200
17196
17195
17188
17187
17186
17185
17178
17169
17165
17164
17158
17151
17150
17142
17142
17138
17134
17133
17129
17129
17125
17123
17123
17122
17113
17108
17107
17106
17106
17104
17100
17092
17090
17088
17082
17082
17081
17079
17078
17076
17071
17067
17067
17066
17059
17051
17041
17035
17028
17026
17023
17023
17021
17020
17013
17011
17010
17008
17007
17005
16998
16998
16995
16991
16987
16986
16982
16976
16974
16967
16964
16960
16960
16957
16950
16950
16942
16942
16940
16937
16934
16927
16927
16919
16919
16918
16917
16916
16915
16915
16915
16912
16907
16907
16905
16900
16899
16894
16888
16882
16876
16875
16870
16861
16860
16859
16858
16853
16853
16849
16842
16840
16840
16839
16837
16829
16829
16824
16821
16820
16818
16814
16812
16805
16804
16803
16793
16790
16787
16783
16779
16776
16772
16761
16758
16757
16747
16741
16734
16732
16732
16728
16719
16718
16716
16709
16709
16708
16708
16708
16706
16699
16697
16696
16690
16687
16683
16681
16680
16679
16674
16668
16668
16667
16664
16663
16655
16652
16646
16643
16640
16639
16634
16632
16628
16627
16625
16625
16624
16620
16616
16607
16604
16596
16581
16581
16578
16575
16575
16571
16566
16565
16565
16565
16562
16558
16555
16554
16547
16537
16536
16529
16524
16521
16519
16518
16510
16509
16506
16504
16504
16490
16483
16479
16478
16478
16478
16475
16470
16467
16462
16451
16447
16440
16435
16433
16425
16422
16421
16421
16420
16411
16408
16408
16407
16405
16403
16402
16400
16400
16390
16390
16387
16382
16381
16378
16376
16370
16364
16363
16361
16358
16357
16354
16347
16347
16347
16341
16335
16335
16332
16329
16324
16321
16319
16319
16313
16310
16309
16309
16307
16306
16300
16300
16299
16297
16296
16292
16285
16285
16280
16277
16273
16273
16270
16267
16264
16263
16262
16259
16256
16255
16253
16252
16250
16249
16249
16244
16238
16232
16223
16221
16216
16214
16212
16208
16207
16207
16206
16202
16199
16199
16196
16195
16194
16190
16189
16189
16189
16188
16186
16185
16181
16178
16174
16166
16165
16165
16162
16161
16156
16154
16154
16152
16149
16146
16145
16143
16141
16130
16128
16127
16126
16125
16125
16120
16116
16108
16103
16103
16097
16097
16095
16079
16079
16077
16069
16069
16066
16064
16064
16060
16052
16051
16049
16046
16042
16035
16030
16027
16023
16015
16008
16007
16001
16000
15996
15993
15993
15993
15987
15986
15976
15974
15972
15965
15962
15958
15952
15948
15947
15938
15936
15932
15929
15929
15927
15924
15916
15912
15904
15900
15900
15899
15895
15891
15881
15881
15878
15873
15870
15870
15870
15869
15868
15866
15851
15845
15841
15839
15837
15837
15834
15831
15829
15828
15823
15819
15811
15810
15809
15808
15807
15798
15798
15792
15790
15787
15784
15784
15780
15768
15765
15746
15745
15741
15740
15737
15735
15733
15733
15732
15723
15721
15709
15708
15707
15706
15704
15704
15702
15702
15701
15699
15697
15692
15691
15684
15680
15678
15678
15676
15675
15671
15660
15656
15656
15654
15650
15648
15648
15640
15632
15629
15628
15622
15621
15620
15607
15603
15601
15600
15600
15599
15598
15597
15596
15592
15589
15588
15588
15578
15574
15572
15570
15568
15560
15558
15556
15544
15544
15541
15541
15541
15541
15538
15537
15536
15535
15532
15531
15529
15527
15523
15522
15521
15517
15516
15512
15511
15504
15503
15502
15485
15481
15478
15474
15474
15474
15473
15469
15464
15463
15462
15459
15457
15452
15450
15442
15439
15438
15437
15433
15433
15433
15431
15430
15428
15408
15405
15395
15394
15388
15384
15376
15374
15372
15371
15370
15369
15369
15365
15363
15362
15358
15358
15355
15351
15348
15347
15341
15340
15338
15334
15330
15329
15308
15307
15306
15305
15304
15303
15303
15302
15288
15281
15279
15278
15262
15261
15258
15250
15245
15243
15233
15229
15228
15227
15226
15223
15221
15220
15219
15218
15213
15212
15206
15205
15203
15195
15194
15194
15187
15186
15177
15175
15169
15167
15164
15164
15161
15160
15151
15149
15145
15143
15139
15134
15124
15123
15115
15109
15105
15098
15098
15097
15096
15091
15090
15089
15087
15083
15075
15074
15074
15066
15064
15061
15060
15045
15033
15032
15029
15019
15018
15017
15017
15016
15010
15010
15007
15006
14999
14999
14994
14993
14982
14982
14980
14975
14973
14967
14956
14953
14948
14947
14944
14942
14942
14940
14940
14935
14928
14923
14921
14918
14916
14915
14914
14911
14910
14909
14907
14907
14900
14893
14892
14892
14890
14888
14888
14887
14886
14880
14875
14874
14867
14862
14860
14859
14857
14852
14850
14849
14844
14842
14840
14830
14823
14822
14819
14816
14815
14812
14810
14810
14808
14805
14800
14796
14793
14792
14783
14783
14775
14773
14773
14771
14770
14761
14757
14757
14748
14745
14728
14726
14720
14715
14712
14710
14709
14704
14683
14680
14679
14678
14674
14672
14672
14671
14668
14665
14664
14660
14650
14647
14644
14641
14641
14640
14636
14633
14626
14614
14605
14605
14603
14600
14597
14594
14584
14581
14580
14580
14577
14576
14574
14569
14563
14559
14557
14554
14545
14544
14541
14539
14536
14530
14525
14524
14517
14512
14496
14494
14491
14488
14488
14481
14480
14478
14472
14471
14468
14465
14463
14461
14460
14459
14457
14449
14447
14446
14442
14440
14440
14439
14436
14432
14425
14422
14419
14415
14407
14407
14405
14403
14398
14389
14389
14384
14383
14380
14380
14380
14373
14373
14368
14367
14363
14345
14342
14340
14331
14331
14324
14323
14323
14321
14319
14315
14314
14310
14306
14302
14300
14299
14297
14290
14287
14284
14279
14277
14277
14276
14276
14275
14271
14270
14269
14265
14262
14261
14259
14258
14252
14250
14245
14244
14243
14237
14235
14231
14227
14218
14217
14214
14206
14199
14197
14195
14190
14189
14188
14188
14176
14176
14173
14172
14172
14171
14171
14167
14151
14144
14141
14141
14140
14134
14133
14132
14130
14125
14125
14123
14122
14119
14118
14104
14104
14104
14092
14089
14083
14082
14076
14074
14072
14070
14068
14060
14057
14056
14041
14040
14040
14036
14031
14031
14030
14029
14025
14022
14022
14008
14006
14006
14004
14002
14002
13996
13987
13984
13982
13979
13974
13972
13972
13972
13966
13964
13958
13957
13952
13950
13940
13940
13930
13927
13926
13922
13922
13921
13916
13912
13907
13905
13905
13904
13891
13888
13887
13885
13883
13876
13875
13866
13864
13863
13859
13857
13855
13852
13849
13848
13845
13843
13843
13842
13840
13839
13838
13832
13830
13826
13826
13816
13811
13807
13805
13801
13795
13793
13791
13789
13784
13784
13777
13774
13773
13770
13768
13759
13759
13757
13754
13754
13739
13736
13736
13727
13723
13720
13719
13718
13718
13714
13712
13711
13708
13704
13701
13697
13686
13681
13681
13678
13670
13670
13664
13658
13654
13646
13645
13644
13643
13640
13639
13639
13631
13624
13624
13618
13617
13614
13610
13604
13601
13593
13592
13580
13580
13577
13575
13564
13557
13551
13550
13548
13548
13545
13542
13542
13537
13537
13536
13531
13530
13527
13525
13519
13512
13507
13506
13506
13495
13495
13494
13494
13494
13493
13491
13490
13487
13486
13480
13477
13472
13471
13471
13470
13465
13461
13459
13458
13452
13451
13444
13444
13444
13436
13418
13413
13410
13408
13406
13401
13392
13389
13388
13386
13385
13384
13378
13373
13369
13367
13366
13355
13354
13354
13352
13350
13344
13337
13336
13335
13334
13332
13328
13328
13321
13320
13307
13297
13292
13291
13289
13282
13282
13280
13275
13274
13273
13272
13271
13265
13257
13254
13253
13253
13248
13244
13242
13241
13229
13229
13226
13221
13218
13218
13216
13215
13214
13213
13211
13205
13205
13203
13201
13201
13200
13198
13195
13192
13190
13187
13186
13181
13174
13173
13171
13164
13162
13161
13158
13158
13151
13149
13148
13145
13141
13131
13128
13120
13118
13117
13116
13115
13111
13108
13101
13098
13077
13052
13051
13051
13049
13044
13044
13030
13026
13012
13008
13005
13002
13000
12999
12998
12994
12986
12984
12975
12974
12973
12971
12970
12969
12966
12966
12966
12959
12956
12948
12945
12943
12942
12940
12939
12936
12936
12934
12931
12921
12918
12911
12911
12902
12899
12892
12888
12887
12886
12885
12884
12876
12872
12867
12864
12863
12859
12854
12853
12852
12850
12850
12849
12848
12842
12835
12833
12832
12829
12826
12823
12823
12818
12815
12815
12810
12805
12799
12796
12793
12792
12786
12778
12773
12773
12772
12771
12770
12763
12759
12757
12756
12753
12752
12746
12741
12739
12736
12728
12715
12715
12709
12706
12699
12698
12697
12693
12693
12690
12689
12687
12685
12679
12674
12672
12671
12669
12661
12661
12659
12656
12654
12654
12650
12649
12641
12640
12638
12634
12633
12627
12615
12614
12614
12612
12610
12605
12600
12599
12599
12592
12592
12592
12592
12586
12579
12573
12568
12565
12565
12564
12560
12553
12550
12550
12546
12544
12543
12538
12536
12534
12533
12531
12531
12526
12525
12522
12510
12505
12505
12504
12500
12499
12495
12494
12494
12488
12483
12480
12474
12472
12471
12468
12468
12463
12459
12457
12457
12456
12456
12453
12448
12448
12448
12444
12439
12439
12433
12430
12423
12419
12416
12415
12412
12409
12408
12400
12399
12397
12394
12392
12384
12384
12379
12377
12377
12370
12370
12368
12365
12364
12361
12359
12355
12353
12349
12347
12345
12344
12343
12338
12335
12327
12324
12321
12319
12316
12315
12315
12314
12302
12300
12300
12296
12295
12291
12291
12289
12278
12274
12273
12269
12267
12266
12265
12259
12257
12255
12255
12246
12245
12235
12235
12234
12230
12228
12227
12226
12221
12220
12219
12216
12210
12206
12205
12203
12198
12198
12185
12185
12183
12178
12177
12176
12175
12175
12173
12168
12157
12152
12151
12151
12146
12143
12141
12135
12124
12123
12119
12119
12117
12113
12112
12111
12111
12108
12102
12101
12095
12093
12093
12093
12093
12085
12084
12084
12081
12080
12079
12074
12058
12058
12051
12049
12048
12046
12035
12031
12029
12021
12014
12013
12008
12007
12005
12000
11991
11990
11982
11981
11979
11976
11973
11971
11969
11965
11964
11964
11963
11961
11956
11953
11953
11949
11943
11941
11938
11936
11933
11933
11927
11926
11922
11919
11912
11906
11904
11902
11901
11895
11893
11891
11879
11877
11876
11871
11870
11869
11868
11857
11854
11853
11851
11851
11849
11841
11840
11839
11825
11825
11822
11821
11819
11817
11814
11813
11799
11793
11785
11782
11782
11771
11767
11764
11759
11758
11747
11742
11742
11741
11741
11740
11739
11738
11738
11737
11730
11722
11719
11719
11718
11704
11704
11687
11686
11685
11674
11662
11661
11659
11650
11650
11648
11640
11637
11637
11635
11634
11631
11630
11621
11620
11617
11607
11607
11602
11601
11601
11601
11599
11599
11596
11592
11592
11591
11590
11590
11587
11579
11578
11570
11567
11566
11557
11555
11552
11543
11540
11535
11530
11530
11528
11525
11515
11511
11509
11507
11507
11504
11504
11503
11503
11502
11499
11495
11495
11491
11490
11481
11478
11476
11472
11468
11462
11461
11459
11447
11435
11430
11430
11422
11420
11419
11417
11412
11408
11406
11406
11400
11390
11388
11386
11384
11382
11382
11381
11376
11375
11374
11367
11363
11348
11347
11338
11337
11326
11317
11314
11312
11304
11298
11297
11294
11291
11291
11289
11285
11277
11277
11275
11270
11265
11259
11258
11258
11255
11245
11241
11241
11240
11237
11233
11233
11230
11224
11204
11202
11199
11196
11195
11192
11189
11189
11186
11184
11181
11176
11167
11167
11163
11161
11160
11160
11159
11158
11155
11146
11138
11131
11126
11126
11120
11117
11117
11116
11110
11107
11106
11099
11096
11094
11094
11088
11087
11081
11077
11076
11072
11067
11058
11057
11057
11052
11052
11052
11046
11043
11037
11026
11026
11022
11017
11015
11012
11011
11010
11009
11008
11005
11003
11001
11001
10998
10989
10987
10987
10987
10986
10986
10982
10982
10976
10973
10973
10972
10970
10969
10968
10967
10958
10957
10951
10945
10943
10943
10939
10937
10936
10936
10935
10934
10933
10928
10927
10925
10924
10920
10919
10918
10918
10915
10915
10906
10897
10896
10896
10895
10894
10884
10877
10876
10872
10872
10869
10865
10863
10862
10859
10856
10855
10854
10851
10850
10850
10847
10844
10844
10843
10842
10840
10838
10835
10821
10820
10820
10819
10814
10814
10805
10803
10801
10795
10794
10794
10794
10789
10787
10782
10778
10775
10774
10773
10772
10770
10767
10765
10763
10761
10757
10757
10753
10753
10752
10748
10746
10745
10741
10740
10738
10737
10736
10733
10729
10726
10725
10724
10720
10719
10711
10710
10702
10701
10699
10693
10692
10691
10686
10674
10674
10670
10667
10665
10658
10650
10647
10646
10636
10634
10634
10630
10628
10624
10624
10618
10617
10610
10603
10600
10596
10595
10591
10591
10585
10582
10580
10578
10572
10564
10560
10560
10559
10556
10552
10542
10533
10530
10521
10520
10520
10516
10510
10506
10499
10495
10492
10490
10488
10483
10476
10474
10470
10469
10468
10467
10465
10460
10459
10455
10452
10450
10448
10442
10442
10440
10440
10434
10432
10431
10430
10427
10424
10423
10422
10422
10421
10418
10418
10414
10413
10411
10389
10389
10389
10366
10365
10364
10357
10347
10346
10344
10342
10339
10339
10339
10337
10331
10329
10313
10313
10312
10307
10306
10302
10299
10299
10299
10294
10286
10285
10279
10279
10278
10276
10268
10265
10262
10257
10257
10252
10245
10242
10238
10238
10236
10229
10227
10226
10225
10223
10220
10216
10215
10214
10213
10213
10209
10208
10206
10202
10200
10197
10190
10190
10188
10187
10186
10184
10178
10174
10165
10165
10162
10162
10161
10159
10159
10157
10156
10154
10154
10150
10150
10148
10147
10146
10144
10139
10138
10134
10130
10129
10122
10121
10118
10115
10104
10102
10098
10096
10096
10095
10094
10094
10094
10093
10090
10089
10087
10086
10085
10084
10083
10082
10078
10057
10056
10056
10054
10052
10050
10048
10047
10046
10046
10045
10043
10042
10041
10038
10037
10032
10031
10029
10026
10024
10016
10014
10014
10012
10003
9992
9992
9988
9983
9982
9980
9980
9979
9978
9978
9975
9972
9970
9969
9964
9956
9954
9954
9953
9953
9952
9952
9950
9944
9938
9936
9935
9922
9922
9915
9910
9901
9900
9890
9886
9886
9879
9877
9871
9864
9845
9841
9835
9833
9832
9823
9822
9819
9819
9817
9815
9813
9809
9807
9802
9802
9796
9793
9788
9788
9785
9774
9774
9767
9763
9763
9761
9760
9759
9758
9754
9753
9747
9745
9741
9741
9739
9737
9734
9731
9729
9728
9728
9726
9721
9720
9718
9718
9711
9708
9705
9703
9702
9687
9686
9684
9683
9675
9673
9671
9671
9667
9665
9662
9653
9652
9635
9633
9633
9629
9627
9627
9624
9620
9609
9604
9602
9598
9597
9594
9592
9592
9591
9590
9585
9583
9582
9574
9567
9567
9559
9559
9557
9555
9555
9554
9551
9549
9548
9545
9540
9536
9531
9525
9515
9512
9506
9499
9497
9493
9489
9485
9482
9480
9476
9474
9473
9471
9469
9458
9451
9450
9443
9439
9433
9432
9430
9430
9419
9419
9419
9410
9409
9399
9395
9394
9392
9384
9382
9382
9373
9372
9365
9361
9357
9356
9355
9353
9351
9351
9346
9344
9338
9337
9332
9330
9321
9316
9314
9313
9312
9309
9307
9306
9306
9303
9303
9299
9295
9292
9290
9288
9286
9285
9283
9280
9280
9275
9272
9266
9265
9258
9254
9251
9247
9242
9239
9236
9236
9235
9235
9233
9232
9226
9218
9217
9217
9206
9205
9204
9202
9201
9199
9199
9196
9187
9184
9178
9177
9173
9172
9171
9162
9159
9140
9139
9139
9138
9136
9135
9130
9128
9128
9122
9119
9117
9116
9111
9109
9107
9107
9101
9101
9096
9092
9092
9091
9090
9085
9083
9082
9081
9079
9076
9067
9065
9060
9055
9054
9052
9046
9040
9035
9027
9022
9019
9018
9018
9015
9013
9012
9010
9010
9009
9008
9006
9003
9001
8998
8996
8991
8987
8977
8976
8976
8972
8970
8966
8965
8965
8964
8964
8954
8950
8949
8949
8946
8942
8942
8941
8941
8940
8940
8938
8937
8933
8933
8931
8931
8926
8924
8917
8910
8909
8908
8907
8904
8901
8896
8888
8885
8885
8884
8881
8872
8871
8870
8868
8863
8855
8854
8845
8843
8842
8825
8821
8820
8814
8813
8812
8811
8811
8809
8806
8802
8789
8783
8777
8770
8760
8758
8753
8753
8748
8742
8734
8732
8728
8724
8712
8711
8710
8709
8707
8687
8681
8680
8679
8670
8660
8657
8657
8653
8646
8645
8644
8643
8640
8640
8626
8618
8616
8611
8604
8603
8600
8588
8588
8586
8586
8583
8583
8575
8573
8570
8568
8556
8546
8537
8536
8535
8534
8534
8528
8528
8512
8507
8505
8499
8498
8495
8492
8488
8487
8487
8484
8479
8478
8475
8474
8472
8472
8464
8463
8463
8462
8448
8441
8436
8436
8434
8430
8429
8428
8417
8415
8413
8409
8406
8406
8403
8403
8403
8402
8401
8400
8400
8398
8397
8397
8395
8394
8394
8394
8391
8390
8390
8388
8380
8377
8370
8368
8367
8366
8355
8353
8351
8347
8339
8337
8330
8329
8327
8327
8324
8322
8316
8316
8316
8315
8305
8304
8299
8291
8288
8276
8276
8274
8270
8268
8267
8261
8248
8240
8237
8235
8235
8234
8233
8233
8232
8230
8230
8230
8229
8226
8222
8221
8220
8217
8210
8208
8205
8204
8196
8193
8188
8184
8184
8181
8176
8175
8166
8153
8149
8147
8145
8144
8138
8136
8135
8130
8127
8123
8120
8115
8109
8108
8105
8098
8081
8078
8069
8069
8069
8069
8068
8067
8066
8059
8058
8056
8053
8050
8046
8041
8038
8035
8033
8032
8031
8031
8028
8024
8023
8022
8018
8013
8013
8005
8005
8004
8003
7998
7997
7991
7970
7968
7967
7967
7963
7963
7955
7952
7951
7947
7945
7944
7942
7939
7934
7934
7926
7921
7919
7919
7917
7916
7914
7913
7911
7909
7909
7908
7905
7904
7890
7888
7888
7886
7885
7884
7876
7874
7874
7864
7863
7862
7862
7850
7849
7847
7846
7831
7827
7826
7824
7820
7819
7819
7810
7807
7801
7798
7789
7787
7784
7783
7777
7774
7772
7769
7762
7757
7755
7754
7753
7749
7747
7744
7732
7732
7732
7729
7725
7725
7724
7718
7713
7712
7712
7710
7709
7708
7707
7706
7706
7695
7692
7692
7692
7686
7686
7679
7678
7677
7668
7663
7660
7657
7655
7648
7640
7639
7638
7638
7637
7634
7631
7630
7625
7622
7622
7620
7619
7613
7612
7607
7606
7606
7601
7600
7596
7589
7588
7586
7581
7559
7557
7557
7557
7553
7548
7544
7536
7536
7534
7533
7531
7519
7518
7514
7506
7502
7500
7499
7487
7485
7477
7471
7468
7468
7456
7451
7449
7443
7438
7435
7433
7428
7427
7424
7423
7415
7408
7405
7400
7398
7398
7390
7388
7384
7377
7373
7371
7364
7358
7357
7356
7354
7352
7350
7350
7346
7343
7337
7336
7332
7331
7327
7326
7322
7321
7318
7304
7302
7300
7299
7295
7278
7277
7273
7271
7269
7265
7256
7254
7251
7250
7245
7243
7236
7231
7231
7230
7229
7229
7228
7224
7224
7222
7219
7219
7205
7204
7200
7192
7184
7182
7179
7177
7175
7174
7164
7161
7161
7159
7158
7158
7157
7154
7152
7143
7142
7142
7141
7138
7136
7136
7132
7127
7123
7121
7121
7113
7109
7107
7106
7103
7101
7098
7097
7097
7097
7090
7087
7086
7077
7076
7076
7075
7072
7072
7067
7064
7064
7059
7044
7042
7037
7037
7037
7036
7036
7024
7021
7018
7012
7006
7005
6976
6973
6972
6971
6969
6966
6966
6965
6965
6960
6960
6957
6953
6950
6949
6939
6936
6935
6926
6926
6925
6922
6919
6919
6919
6909
6909
6908
6908
6906
6905
6896
6893
6890
6886
6883
6876
6874
6871
6867
6865
6860
6859
6858
6858
6853
6853
6849
6846
6843
6840
6835
6831
6830
6830
6824
6824
6823
6821
6819
6818
6817
6816
6816
6815
6806
6803
6799
6796
6793
6792
6791
6788
6783
6783
6779
6761
6760
6757
6756
6751
6746
6746
6744
6741
6739
6733
6733
6730
6729
6726
6715
6714
6705
6703
6702
6700
6700
6698
6696
6695
6690
6690
6689
6686
6686
6681
6681
6679
6670
6670
6666
6660
6656
6650
6650
6645
6643
6633
6633
6619
6617
6610
6610
6607
6606
6596
6589
6584
6580
6574
6568
6565
6557
6557
6557
6554
6550
6549
6548
6548
6546
6539
6538
6538
6536
6536
6532
6523
6513
6507
6505
6502
6497
6496
6494
6490
6486
6481
6480
6476
6460
6459
6457
6457
6455
6453
6427
6427
6425
6421
6415
6409
6408
6405
6405
6403
6403
6399
6396
6388
6382
6380
6380
6376
6376
6376
6375
6375
6370
6365
6357
6355
6352
6342
6341
6333
6331
6330
6330
6329
6324
6315
6314
6307
6305
6303
6299
6295
6291
6284
6279
6277
6276
6272
6270
6262
6258
6257
6251
6248
6247
6243
6238
6229
6227
6225
6221
6217
6212
6210
6209
6201
6199
6198
6194
6194
6192
6192
6186
6186
6181
6178
6174
6172
6167
6166
6153
6148
6144
6142
6141
6137
6135
6134
6133
6128
6124
6123
6122
6115
6115
6115
6114
6113
6111
6110
6107
6106
6104
6103
6101
6099
6097
6095
6095
6094
6093
6083
6080
6079
6079
6078
6071
6071
6070
6067
6057
6055
6055
6052
6052
6050
6049
6048
6043
6042
6040
6038
6035
6025
6009
6008
6007
6005
6004
6002
5999
5997
5994
5990
5989
5986
5986
5986
5985
5984
5974
5963
5963
5956
5954
5951
5950
5948
5945
5943
5936
5929
5922
5920
5914
5913
5908
5907
5905
5904
5903
5901
5900
5887
5877
5877
5874
5874
5870
5869
5866
5862
5859
5857
5855
5855
5854
5852
5847
5846
5842
5838
5837
5835
5832
5831
5829
5828
5828
5825
5823
5822
5820
5819
5819
5817
5816
5814
5813
5812
5811
5811
5808
5802
5798
5797
5795
5790
5789
5783
5783
5783
5780
5769
5763
5759
5757
5756
5749
5744
5743
5738
5738
5736
5735
5732
5730
5725
5725
5721
5716
5709
5708
5700
5699
5698
5694
5691
5686
5685
5677
5676
5672
5671
5665
5663
5663
5655
5654
5652
5652
5650
5647
5632
5632
5632
5619
5615
5613
5611
5611
5608
5602
5602
5600
5598
5595
5580
5575
5574
5566
5565
5558
5558
5552
5552
5548
5546
5545
5541
5538
5538
5534
5530
5524
5523
5516
5514
5509
5508
5500
5497
5495
5494
5492
5490
5489
5480
5478
5476
5474
5474
5466
5462
5462
5459
5456
5454
5453
5452
5452
5449
5445
5439
5438
5433
5429
5425
5419
5412
5410
5404
5401
5397
5392
5390
5385
5385
5379
5375
5374
5374
5369
5367
5364
5364
5359
5354
5349
5344
5337
5331
5323
5318
5316
5310
5310
5299
5299
5294
5293
5291
5290
5290
5290
5286
5286
5285
5277
5275
5274
5273
5266
5265
5263
5256
5256
5254
5254
5253
5248
5243
5243
5241
5240
5238
5237
5231
5229
5229
5227
5221
5220
5208
5193
5191
5188
5188
5181
5180
5179
5170
5168
5160
5157
5156
5156
5156
5152
5150
5150
5147
5146
5144
5144
5140
5133
5132
5132
5129
5126
5125
5123
5121
5120
5117
5115
5112
5111
5110
5109
5103
5094
5089
5088
5087
5086
5079
5075
5075
5068
5061
5057
5055
5049
5047
5047
5043
5041
5039
5038
5037
5030
5029
5028
5027
5027
5023
5021
5020
5019
5018
5013
5005
5002
5001
4998
4998
4996
4996
4996
4996
4993
4988
4983
4983
4982
4978
4976
4975
4963
4960
4960
4959
4958
4957
4955
4939
4938
4936
4936
4933
4931
4922
4921
4919
4908
4908
4905
4899
4891
4891
4888
4884
4882
4865
4861
4860
4854
4853
4850
4842
4840
4837
4834
4823
4819
4819
4815
4810
4809
4801
4797
4791
4787
4786
4784
4773
4772
4771
4769
4766
4764
4752
4751
4746
4743
4741
4730
4728
4727
4727
4726
4724
4722
4721
4721
4720
4716
4711
4711
4709
4708
4706
4704
4702
4699
4695
4693
4692
4692
4690
4689
4688
4680
4675
4669
4669
4663
4656
4642
4640
4635
4633
4632
4629
4626
4623
4622
4622
4620
4618
4616
4615
4608
4608
4608
4602
4600
4594
4591
4586
4586
4576
4571
4569
4562
4559
4546
4540
4535
4535
4528
4528
4526
4525
4521
4520
4519
4517
4508
4499
4494
4494
4483
4481
4472
4469
4464
4463
4460
4459
4451
4447
4447
4445
4441
4440
4440
4433
4431
4429
4426
4423
4410
4407
4403
4396
4393
4393
4392
4384
4383
4376
4376
4366
4357
4350
4349
4342
4337
4331
4321
4321
4313
4309
4307
4304
4302
4297
4296
4296
4295
4290
4289
4285
4284
4284
4283
4281
4268
4266
4260
4258
4253
4252
4249
4243
4242
4239
4234
4231
4226
4226
4224
4222
4222
4217
4214
4213
4212
4212
4204
4202
4200
4200
4197
4193
4188
4184
4176
4176
4174
4174
4173
4173
4169
4167
4167
4166
4164
4153
4152
4143
4132
4131
4130
4127
4125
4122
4121
4117
4114
4112
4110
4110
4106
4106
4101
4101
4094
4091
4089
4089
4085
4079
4077
4077
4072
4071
4069
4065
4064
4063
4060
4059
4058
4054
4051
4051
4051
4047
4047
4041
4037
4036
4031
4028
4027
4019
4018
4016
4014
4010
4010
3998
3998
3995
3991
3986
3983
3982
3981
3979
3979
3977
3976
3971
3969
3965
3962
3961
3960
3958
3954
3953
3945
3944
3943
3940
3935
3931
3924
3911
3908
3907
3905
3897
3896
3894
3890
3888
3885
3885
3874
3868
3868
3856
3855
3855
3851
3848
3845
3845
3838
3832
3831
3831
3830
3827
3827
3826
3816
3815
3810
3809
3803
3803
3797
3796
3796
3795
3795
3784
3780
3777
3776
3776
3762
3761
3757
3755
3755
3755
3749
3744
3741
3740
3740
3735
3729
3722
3721
3719
3718
3709
3706
3704
3703
3703
3695
3690
3681
3681
3681
3681
3680
3678
3677
3673
3669
3668
3668
3666
3660
3658
3658
3656
3655
3652
3647
3645
3645
3643
3636
3636
3634
3634
3633
3628
3627
3625
3623
3614
3610
3607
3601
3601
3597
3588
3585
3579
3573
3565
3556
3554
3552
3552
3549
3535
3531
3531
3520
3519
3513
3513
3508
3502
3502
3497
3493
3491
3481
3481
3480
3477
3477
3471
3466
3463
3462
3462
3455
3451
3449
3441
3435
3432
3427
3422
3421
3417
3416
3410
3408
3406
3402
3402
3401
3401
3401
3395
3393
3393
3388
3385
3385
3382
3381
3376
3370
3353
3352
3349
3349
3344
3344
3342
3339
3336
3326
3325
3323
3321
3319
3314
3313
3309
3302
3294
3292
3291
3288
3282
3278
3278
3277
3273
3271
3265
3260
3258
3254
3250
3250
3247
3247
3243
3242
3240
3238
3235
3232
3232
3230
3229
3229
3225
3225
3223
3219
3216
3216
3212
3211
3211
3209
3207
3206
3199
3189
3183
3182
3173
3170
3165
3164
3163
3159
3155
3155
3150
3147
3146
3140
3135
3134
3131
3131
3130
3120
3115
3113
3110
3094
3093
3089
3084
3082
3076
3074
3053
3044
3044
3030
3024
3021
3020
3016
3001
3000
2997
2992
2990
2987
2986
2986
2984
2981
2980
2980
2979
2977
2977
2976
2974
2973
2969
2968
2962
2959
2957
2957
2956
2953
2949
2949
2935
2932
2931
2931
2931
2930
2930
2929
2925
2920
2912
2908
2899
2898
2886
2885
2880
2880
2878
2877
2871
2864
2863
2862
2856
2856
2854
2849
2849
2844
2842
2839
2829
2820
2818
2818
2812
2802
2798
2796
2787
2783
2782
2780
2778
2777
2769
2767
2766
2756
2754
2750
2749
2748
2747
2745
2743
2740
2737
2735
2733
2731
2730
2726
2721
2717
2717
2713
2711
2709
2707
2702
2698
2698
2697
2696
2695
2690
2689
2688
2679
2677
2669
2668
2663
2663
2660
2641
2641
2641
2637
2633
2631
2629
2628
2622
2621
2618
2616
2613
2607
2604
2600
2600
2584
2583
2583
2576
2574
2573
2572
2566
2565
2558
2557
2557
2553
2552
2542
2542
2539
2537
2533
2533
2532
2530
2528
2521
2512
2506
2505
2500
2498
2498
2498
2497
2492
2492
2487
2484
2481
2478
2478
2476
2476
2475
2472
2467
2461
2460
2459
2454
2449
2444
2440
2435
2433
2429
2426
2425
2412
2411
2407
2406
2405
2398
2398
2394
2391
2389
2389
2388
2386
2384
2383
2377
2373
2368
2367
2367
2365
2363
2351
2351
2350
2349
2347
2330
2330
2329
2326
2326
2322
2315
2305
2305
2293
2284
2282
2273
2268
2262
2261
2259
2259
2257
2257
2249
2243
2241
2241
2240
2237
2236
2227
2226
2225
2225
2215
2203
2199
2194
2193
2192
2192
2192
2192
2192
2185
2185
2183
2180
2180
2178
2170
2163
2159
2154
2154
2151
2149
2144
2144
2138
2134
2134
2133
2130
2128
2127
2127
2116
2111
2110
2108
2102
2097
2094
2093
2092
2091
2082
2080
2079
2069
2061
2057
2055
2054
2052
2045
2044
2044
2040
2040
2035
2033
2030
2021
2020
2019
2019
2017
2013
2002
2001
2000
1999
1998
1990
1988
1985
1979
1977
1975
1975
1970
1965
1949
1941
1941
1937
1932
1924
1920
1919
1913
1910
1905
1905
1903
1902
1902
1901
1897
1896
1896
1893
1889
1883
1877
1874
1872
1869
1868
1864
1856
1855
1841
1826
1823
1823
1823
1822
1821
1820
1817
1815
1815
1814
1811
1806
1806
1801
1786
1783
1783
1781
1780
1779
1774
1770
1764
1758
1757
1746
1740
1739
1727
1723
1719
1716
1715
1715
1712
1709
1707
1703
1702
1700
1699
1696
1695
1692
1691
1690
1687
1686
1683
1683
1680
1678
1677
1673
1671
1671
1663
1663
1661
1661
1660
1657
1656
1656
1653
1651
1651
1647
1647
1638
1629
1625
1624
1617
1602
1591
1589
1584
1583
1581
1580
1579
1574
1567
1559
1548
1547
1545
1545
1544
1543
1542
1541
1536
1534
1532
1530
1528
1528
1527
1522
1521
1518
1515
1515
1513
1510
1508
1507
1504
1500
1499
1490
1486
1482
1482
1481
1480
1477
1475
1474
1474
1471
1462
1460
1459
1459
1459
1459
1453
1452
1445
1435
1432
1430
1425
1425
1421
1420
1411
1406
1404
1399
1395
1393
1393
1391
1381
1378
1378
1377
1375
1369
1368
1363
1363
1360
1353
1347
1345
1341
1335
1332
1321
1314
1307
1306
1300
1295
1292
1290
1290
1288
1288
1284
1283
1273
1272
1270
1265
1263
1260
1258
1257
1252
1252
1250
1247
1243
1240
1237
1236
1236
1231
1230
1226
1221
1217
1216
1213
1211
1208
1206
1201
1199
1197
1194
1192
1190
1188
1188
1187
1187
1184
1176
1175
1174
1169
1168
1167
1160
1157
1153
1147
1145
1143
1126
1118
1116
1112
1112
1106
1104
1101
1095
1093
1087
1086
1085
1085
1085
1083
1082
1074
1071
1065
1065
1062
1062
1059
1059
1055
1052
1050
1049
1048
1048
1047
1040
1036
1029
1026
1024
1024
1021
1016
1016
1013
1013
1012
1009
1008
1008
1005
1003
1001
999
998
997
994
994
993
990
987
984
981
980
979
974
971
970
969
965
965
962
957
955
948
948
945
944
942
935
934
928
922
922
922
918
914
907
906
906
901
898
888
878
874
870
867
867
866
866
853
848
846
843
842
841
839
837
833
829
824
820
816
816
809
806
802
799
788
787
786
785
784
776
775
775
774
769
767
763
761
761
760
759
759
756
756
751
750
747
733
731
730
729
728
726
725
723
718
717
714
707
705
702
702
697
696
693
686
684
681
680
678
676
669
667
665
664
662
659
659
657
655
652
650
648
642
634
620
613
610
606
605
603
600
591
590
587
587
580
580
580
579
575
566
553
546
538
532
525
522
512
504
502
501
499
494
490
486
484
482
479
471
464
464
463
463
459
452
447
444
442
441
434
428
422
418
415
414
414
412
411
408
398
390
387
387
380
376
373
373
371
370
361
353
351
348
343
340
340
336
325
322
322
321
311
303
301
299
295
287
286
285
281
280
274
270
263
258
258
256
255
252
247
240
240
239
238
237
234
230
228
227
223
209
204
203
201
201
199
198
197
197
194
192
192
190
186
182
180
180
179
179
176
168
164
163
161
161
151
148
147
143
141
137
137
136
133
128
126
117
114
111
103
102
89
80
80
77
71
69
69
64
63
44
43
35
33
22
20
16
13
13
13
6
6
5
