10000
16310
8149
4077
2035
1040
580
258
161
77
22
13
6
5
6
13
13
16
20
63
35
33
43
44
69
64
69
71
128
103
80
80
89
102
114
111
117
126
141
136
133
137
137
147
143
148
151
199
180
168
163
161
164
179
176
179
180
192
186
182
190
192
197
194
197
198
234
209
201
201
203
204
227
223
228
230
240
238
237
239
240
252
247
255
256
412
336
287
274
263
258
270
281
280
285
286
311
299
295
301
303
322
321
322
325
373
351
340
340
343
348
361
353
370
371
387
376
373
380
387
398
390
408
411
479
442
418
414
414
415
428
422
434
441
463
447
444
452
459
464
463
464
471
512
494
484
482
486
490
501
499
502
504
546
525
522
532
538
566
553
575
579
816
705
655
605
587
580
580
587
591
590
600
603
634
610
606
613
620
648
642
650
652
678
664
659
657
659
662
667
665
669
676
693
681
680
684
686
697
696
702
702
759
729
718
714
707
717
725
723
726
728
750
731
730
733
747
756
751
756
759
776
767
761
760
761
763
774
769
775
775
788
785
784
786
787
802
799
806
809
948
874
842
829
820
816
824
837
833
839
841
866
846
843
848
853
867
866
867
870
922
906
888
878
898
901
907
906
914
918
935
922
922
928
934
944
942
945
948
997
974
965
957
955
962
969
965
970
971
987
980
979
981
984
993
990
994
994
1013
1005
999
998
1001
1003
1008
1008
1009
1012
1024
1016
1013
1016
1021
1026
1024
1029
1036
1518
1263
1167
1085
1059
1049
1048
1047
1048
1052
1050
1055
1059
1071
1062
1062
1065
1065
1082
1074
1083
1085
1112
1095
1086
1085
1087
1093
1104
1101
1106
1112
1145
1118
1116
1126
1143
1153
1147
1157
1160
1211
1188
1175
1169
1168
1174
1184
1176
1187
1187
1197
1190
1188
1192
1194
1201
1199
1206
1208
1237
1226
1216
1213
1217
1221
1231
1230
1236
1236
1252
1243
1240
1247
1250
1257
1252
1258
1260
1404
1335
1290
1273
1270
1265
1272
1284
1283
1288
1288
1306
1292
1290
1295
1300
1314
1307
1321
1332
1375
1360
1345
1341
1347
1353
1363
1363
1368
1369
1391
1378
1377
1378
1381
1393
1393
1395
1399
1471
1435
1421
1411
1406
1420
1425
1425
1430
1432
1459
1452
1445
1453
1459
1459
1459
1460
1462
1490
1480
1474
1474
1475
1477
1482
1481
1482
1486
1508
1500
1499
1504
1507
1513
1510
1515
1515
1757
1656
1567
1536
1528
1522
1521
1527
1530
1528
1532
1534
1545
1542
1541
1543
1544
1547
1545
1548
1559
1617
1583
1579
1574
1580
1581
1589
1584
1591
1602
1647
1625
1624
1629
1638
1651
1647
1651
1653
1691
1671
1661
1657
1656
1660
1663
1661
1663
1671
1683
1677
1673
1678
1680
1686
1683
1687
1690
1712
1700
1695
1692
1696
1699
1703
1702
1707
1709
1723
1715
1715
1716
1719
1739
1727
1740
1746
1896
1820
1783
1774
1764
1758
1770
1780
1779
1781
1783
1811
1801
1786
1806
1806
1815
1814
1815
1817
1864
1823
1822
1821
1823
1823
1841
1826
1855
1856
1877
1869
1868
1872
1874
1889
1883
1893
1896
1975
1919
1903
1901
1897
1902
1902
1905
1905
1910
1913
1941
1924
1920
1932
1937
1949
1941
1965
1970
2001
1988
1977
1975
1979
1985
1998
1990
1999
2000
2019
2013
2002
2017
2019
2021
2020
2030
2033
3074
2542
2284
2159
2097
2057
2044
2040
2040
2044
2052
2045
2054
2055
2082
2069
2061
2079
2080
2092
2091
2093
2094
2133
2116
2108
2102
2110
2111
2127
2127
2128
2130
2144
2134
2134
2138
2144
2151
2149
2154
2154
2225
2192
2180
2170
2163
2178
2183
2180
2185
2185
2193
2192
2192
2192
2192
2199
2194
2203
2215
2249
2237
2226
2225
2227
2236
2241
2240
2241
2243
2261
2257
2257
2259
2259
2268
2262
2273
2282
2426
2367
2330
2315
2305
2293
2305
2326
2322
2326
2329
2351
2347
2330
2349
2350
2363
2351
2365
2367
2391
2384
2373
2368
2377
2383
2388
2386
2389
2389
2406
2398
2394
2398
2405
2411
2407
2412
2425
2484
2460
2440
2433
2429
2435
2449
2444
2454
2459
2476
2467
2461
2472
2475
2478
2476
2478
2481
2506
2498
2492
2487
2492
2497
2498
2498
2500
2505
2532
2521
2512
2528
2530
2533
2533
2537
2539
2783
2679
2607
2572
2557
2552
2542
2553
2558
2557
2565
2566
2583
2574
2573
2576
2583
2600
2584
2600
2604
2637
2622
2616
2613
2618
2621
2629
2628
2631
2633
2663
2641
2641
2641
2660
2668
2663
2669
2677
2731
2702
2695
2689
2688
2690
2697
2696
2698
2698
2717
2709
2707
2711
2713
2721
2717
2726
2730
2750
2743
2735
2733
2737
2740
2747
2745
2748
2749
2769
2756
2754
2766
2767
2778
2777
2780
2782
2931
2863
2829
2802
2796
2787
2798
2818
2812
2818
2820
2849
2842
2839
2844
2849
2856
2854
2856
2862
2899
2880
2871
2864
2877
2878
2885
2880
2886
2898
2929
2912
2908
2920
2925
2930
2930
2931
2931
2980
2959
2949
2935
2932
2949
2956
2953
2957
2957
2974
2968
2962
2969
2973
2977
2976
2977
2979
3000
2986
2981
2980
2984
2986
2990
2987
2992
2997
3024
3016
3001
3020
3021
3044
3030
3044
3053
3610
3323
3216
3150
3115
3089
3082
3076
3084
3094
3093
3110
3113
3134
3130
3120
3131
3131
3140
3135
3146
3147
3183
3164
3155
3155
3159
3163
3170
3165
3173
3182
3209
3199
3189
3206
3207
3211
3211
3212
3216
3254
3232
3225
3223
3219
3225
3229
3229
3230
3232
3243
3238
3235
3240
3242
3247
3247
3250
3250
3288
3273
3260
3258
3265
3271
3278
3277
3278
3282
3309
3292
3291
3294
3302
3314
3313
3319
3321
3451
3393
3349
3339
3326
3325
3336
3344
3342
3344
3349
3381
3353
3352
3370
3376
3385
3382
3385
3388
3410
3401
3395
3393
3401
3401
3402
3402
3406
3408
3427
3417
3416
3421
3422
3435
3432
3441
3449
3513
3480
3463
3462
3455
3462
3471
3466
3477
3477
3497
3481
3481
3491
3493
3502
3502
3508
3513
3556
3535
3520
3519
3531
3531
3552
3549
3552
3554
3588
3573
3565
3579
3585
3601
3597
3601
3607
3831
3709
3658
3636
3627
3623
3614
3625
3633
3628
3634
3634
3647
3643
3636
3645
3645
3655
3652
3656
3658
3681
3669
3666
3660
3668
3668
3677
3673
3678
3680
3695
3681
3681
3681
3690
3703
3703
3704
3706
3776
3741
3722
3719
3718
3721
3735
3729
3740
3740
3755
3749
3744
3755
3755
3761
3757
3762
3776
3803
3795
3780
3777
3784
3795
3796
3796
3797
3803
3826
3810
3809
3815
3816
3827
3827
3830
3831
3971
3897
3856
3845
3838
3832
3845
3851
3848
3855
3855
3885
3868
3868
3874
3885
3890
3888
3894
3896
3944
3924
3907
3905
3908
3911
3935
3931
3940
3943
3960
3953
3945
3954
3958
3962
3961
3965
3969
4028
3995
3981
3977
3976
3979
3979
3983
3982
3986
3991
4014
3998
3998
4010
4010
4018
4016
4019
4027
4054
4047
4036
4031
4037
4041
4051
4047
4051
4051
4064
4059
4058
4060
4063
4069
4065
4071
4072
6080
5117
4618
4297
4188
4125
4101
4089
4079
4077
4085
4091
4089
4094
4101
4112
4106
4106
4110
4110
4117
4114
4121
4122
4167
4143
4130
4127
4131
4132
4153
4152
4164
4166
4174
4169
4167
4173
4173
4176
4174
4176
4184
4239
4213
4200
4197
4193
4200
4204
4202
4212
4212
4224
4217
4214
4222
4222
4226
4226
4231
4234
4281
4253
4243
4242
4249
4252
4260
4258
4266
4268
4289
4284
4283
4284
4285
4295
4290
4296
4296
4460
4392
4337
4309
4304
4302
4307
4321
4313
4321
4331
4366
4349
4342
4350
4357
4376
4376
4383
4384
4431
4407
4393
4393
4396
4403
4423
4410
4426
4429
4445
4440
4433
4440
4441
4447
4447
4451
4459
4535
4499
4472
4464
4463
4469
4483
4481
4494
4494
4521
4517
4508
4519
4520
4526
4525
4528
4528
4586
4562
4540
4535
4546
4559
4571
4569
4576
4586
4608
4594
4591
4600
4602
4608
4608
4615
4616
4884
4726
4689
4635
4623
4622
4620
4622
4629
4626
4632
4633
4669
4642
4640
4656
4663
4675
4669
4680
4688
4708
4695
4692
4690
4692
4693
4702
4699
4704
4706
4720
4711
4709
4711
4716
4721
4721
4722
4724
4791
4752
4730
4727
4727
4728
4743
4741
4746
4751
4772
4766
4764
4769
4771
4784
4773
4786
4787
4837
4815
4801
4797
4809
4810
4819
4819
4823
4834
4854
4842
4840
4850
4853
4861
4860
4865
4882
5002
4958
4921
4899
4891
4888
4891
4908
4905
4908
4919
4936
4931
4922
4933
4936
4939
4938
4955
4957
4983
4975
4960
4959
4960
4963
4978
4976
4982
4983
4996
4993
4988
4996
4996
4998
4996
4998
5001
5047
5027
5019
5013
5005
5018
5021
5020
5023
5027
5038
5029
5028
5030
5037
5041
5039
5043
5047
5087
5068
5055
5049
5057
5061
5075
5075
5079
5086
5109
5089
5088
5094
5103
5111
5110
5112
5115
5611
5354
5237
5156
5133
5125
5121
5120
5123
5129
5126
5132
5132
5147
5144
5140
5144
5146
5150
5150
5152
5156
5188
5170
5157
5156
5160
5168
5180
5179
5181
5188
5221
5193
5191
5208
5220
5229
5227
5229
5231
5285
5254
5243
5240
5238
5241
5248
5243
5253
5254
5266
5256
5256
5263
5265
5274
5273
5275
5277
5299
5290
5286
5286
5290
5290
5293
5291
5294
5299
5323
5310
5310
5316
5318
5337
5331
5344
5349
5478
5419
5379
5367
5364
5359
5364
5374
5369
5374
5375
5397
5385
5385
5390
5392
5404
5401
5410
5412
5453
5439
5429
5425
5433
5438
5449
5445
5452
5452
5462
5456
5454
5459
5462
5474
5466
5474
5476
5541
5508
5492
5489
5480
5490
5495
5494
5497
5500
5524
5514
5509
5516
5523
5534
5530
5538
5538
5574
5552
5546
5545
5548
5552
5558
5558
5565
5566
5600
5580
5575
5595
5598
5602
5602
5608
5611
5838
5743
5677
5652
5632
5615
5613
5619
5632
5632
5647
5650
5663
5654
5652
5655
5663
5671
5665
5672
5676
5716
5698
5686
5685
5691
5694
5700
5699
5708
5709
5732
5725
5721
5725
5730
5736
5735
5738
5738
5811
5783
5757
5749
5744
5756
5763
5759
5769
5780
5795
5783
5783
5789
5790
5798
5797
5802
5808
5822
5816
5812
5811
5813
5814
5819
5817
5819
5820
5829
5825
5823
5828
5828
5832
5831
5835
5837
5963
5900
5859
5852
5846
5842
5847
5855
5854
5855
5857
5874
5866
5862
5869
5870
5877
5874
5877
5887
5922
5907
5903
5901
5904
5905
5913
5908
5914
5920
5948
5936
5929
5943
5945
5951
5950
5954
5956
6035
5994
5986
5974
5963
5984
5985
5986
5986
5989
5990
6005
5999
5997
6002
6004
6008
6007
6009
6025
6055
6048
6040
6038
6042
6043
6050
6049
6052
6052
6071
6057
6055
6067
6070
6078
6071
6079
6079
7106
6610
6324
6186
6115
6103
6095
6093
6083
6094
6097
6095
6099
6101
6111
6106
6104
6107
6110
6114
6113
6115
6115
6142
6133
6123
6122
6124
6128
6135
6134
6137
6141
6167
6148
6144
6153
6166
6174
6172
6178
6181
6247
6209
6194
6192
6186
6192
6198
6194
6199
6201
6225
6212
6210
6217
6221
6229
6227
6238
6243
6279
6262
6251
6248
6257
6258
6272
6270
6276
6277
6303
6291
6284
6295
6299
6307
6305
6314
6315
6459
6380
6355
6331
6330
6329
6330
6341
6333
6342
6352
6375
6365
6357
6370
6375
6376
6376
6376
6380
6409
6403
6388
6382
6396
6399
6405
6403
6405
6408
6427
6421
6415
6425
6427
6455
6453
6457
6457
6538
6497
6481
6476
6460
6480
6490
6486
6494
6496
6523
6505
6502
6507
6513
6536
6532
6536
6538
6557
6549
6546
6539
6548
6548
6554
6550
6557
6557
6584
6568
6565
6574
6580
6596
6589
6606
6607
6853
6741
6686
6650
6633
6617
6610
6619
6643
6633
6645
6650
6670
6660
6656
6666
6670
6681
6679
6681
6686
6703
6696
6690
6689
6690
6695
6700
6698
6700
6702
6729
6714
6705
6715
6726
6733
6730
6733
6739
6806
6779
6751
6746
6744
6746
6757
6756
6760
6761
6792
6783
6783
6788
6791
6796
6793
6799
6803
6824
6818
6816
6815
6816
6817
6821
6819
6823
6824
6840
6830
6830
6831
6835
6846
6843
6849
6853
6966
6909
6876
6860
6858
6858
6859
6867
6865
6871
6874
6896
6886
6883
6890
6893
6906
6905
6908
6908
6936
6922
6919
6909
6919
6919
6926
6925
6926
6935
6957
6949
6939
6950
6953
6960
6960
6965
6965
7044
7012
6972
6969
6966
6971
6976
6973
7005
7006
7036
7021
7018
7024
7036
7037
7037
7037
7042
7077
7072
7064
7059
7064
7067
7075
7072
7076
7076
7097
7087
7086
7090
7097
7098
7097
7101
7103
7648
7354
7224
7158
7136
7121
7109
7107
7113
7123
7121
7127
7132
7142
7138
7136
7141
7142
7152
7143
7154
7157
7182
7164
7159
7158
7161
7161
7175
7174
7177
7179
7205
7192
7184
7200
7204
7219
7219
7222
7224
7278
7245
7230
7229
7228
7229
7231
7231
7236
7243
7265
7251
7250
7254
7256
7271
7269
7273
7277
7327
7304
7299
7295
7300
7302
7321
7318
7322
7326
7343
7332
7331
7336
7337
7350
7346
7350
7352
7518
7427
7388
7364
7357
7356
7358
7373
7371
7377
7384
7405
7398
7390
7398
7400
7415
7408
7423
7424
7468
7443
7433
7428
7435
7438
7451
7449
7456
7468
7499
7477
7471
7485
7487
7502
7500
7506
7514
7600
7553
7534
7531
7519
7533
7536
7536
7544
7548
7581
7557
7557
7557
7559
7588
7586
7589
7596
7622
7612
7606
7601
7606
7607
7619
7613
7620
7622
7637
7630
7625
7631
7634
7638
7638
7639
7640
7908
7762
7709
7686
7663
7657
7655
7660
7677
7668
7678
7679
7695
7692
7686
7692
7692
7706
7706
7707
7708
7732
7718
7712
7710
7712
7713
7725
7724
7725
7729
7749
7732
7732
7744
7747
7754
7753
7755
7757
7831
7798
7777
7772
7769
7774
7784
7783
7787
7789
7819
7807
7801
7810
7819
7824
7820
7826
7827
7874
7862
7847
7846
7849
7850
7863
7862
7864
7874
7888
7884
7876
7885
7886
7890
7888
7904
7905
8023
7951
7919
7913
7909
7909
7911
7916
7914
7917
7919
7939
7926
7921
7934
7934
7944
7942
7945
7947
7997
7967
7955
7952
7963
7963
7968
7967
7970
7991
8005
8003
7998
8004
8005
8013
8013
8018
8022
8069
8046
8032
8028
8024
8031
8031
8035
8033
8038
8041
8059
8053
8050
8056
8058
8067
8066
8068
8069
8120
8098
8069
8069
8078
8081
8108
8105
8109
8115
8136
8127
8123
8130
8135
8144
8138
8145
8147
12205
10165
9199
8670
8400
8276
8226
8193
8176
8166
8153
8175
8184
8181
8184
8188
8210
8204
8196
8205
8208
8220
8217
8221
8222
8235
8232
8230
8229
8230
8230
8233
8233
8234
8235
8267
8240
8237
8248
8261
8270
8268
8274
8276
8351
8316
8304
8291
8288
8299
8315
8305
8316
8316
8329
8324
8322
8327
8327
8337
8330
8339
8347
8390
8368
8355
8353
8366
8367
8377
8370
8380
8388
8394
8391
8390
8394
8394
8397
8395
8397
8398
8505
8441
8409
8403
8401
8400
8402
8403
8403
8406
8406
8429
8415
8413
8417
8428
8434
8430
8436
8436
8478
8464
8462
8448
8463
8463
8472
8472
8474
8475
8488
8484
8479
8487
8487
8495
8492
8498
8499
8586
8537
8528
8512
8507
8528
8534
8534
8535
8536
8573
8556
8546
8568
8570
8583
8575
8583
8586
8640
8604
8588
8588
8600
8603
8616
8611
8618
8626
8646
8643
8640
8644
8645
8657
8653
8657
8660
8964
8855
8760
8712
8687
8680
8679
8681
8709
8707
8710
8711
8742
8728
8724
8732
8734
8753
8748
8753
8758
8812
8802
8777
8770
8783
8789
8809
8806
8811
8811
8825
8814
8813
8820
8821
8843
8842
8845
8854
8924
8885
8871
8868
8863
8870
8881
8872
8884
8885
8907
8896
8888
8901
8904
8909
8908
8910
8917
8941
8933
8931
8926
8931
8933
8938
8937
8940
8940
8949
8942
8941
8942
8946
8950
8949
8954
8964
9081
9010
8987
8970
8965
8965
8966
8976
8972
8976
8977
9003
8996
8991
8998
9001
9008
9006
9009
9010
9040
9018
9013
9012
9015
9018
9022
9019
9027
9035
9060
9052
9046
9054
9055
9067
9065
9076
9079
9128
9101
9090
9083
9082
9085
9092
9091
9092
9096
9111
9107
9101
9107
9109
9117
9116
9119
9122
9162
9138
9130
9128
9135
9136
9139
9139
9140
9159
9178
9172
9171
9173
9177
9187
9184
9196
9199
9718
9433
9306
9251
9226
9205
9202
9201
9204
9217
9206
9217
9218
9236
9233
9232
9235
9235
9239
9236
9242
9247
9285
9272
9258
9254
9265
9266
9280
9275
9280
9283
9295
9288
9286
9290
9292
9303
9299
9303
9306
9357
9332
9313
9309
9307
9312
9316
9314
9321
9330
9351
9338
9337
9344
9346
9353
9351
9355
9356
9395
9382
9365
9361
9372
9373
9384
9382
9392
9394
9419
9409
9399
9410
9419
9430
9419
9430
9432
9583
9512
9474
9451
9443
9439
9450
9469
9458
9471
9473
9489
9480
9476
9482
9485
9497
9493
9499
9506
9554
9540
9525
9515
9531
9536
9548
9545
9549
9551
9559
9555
9555
9557
9559
9567
9567
9574
9582
9635
9602
9592
9590
9585
9591
9594
9592
9597
9598
9627
9609
9604
9620
9624
9629
9627
9633
9633
9683
9667
9653
9652
9662
9665
9671
9671
9673
9675
9703
9686
9684
9687
9702
9708
9705
9711
9718
9978
9819
9760
9737
9728
9721
9720
9726
9729
9728
9731
9734
9747
9741
9739
9741
9745
9754
9753
9758
9759
9793
9774
9763
9761
9763
9767
9785
9774
9788
9788
9809
9802
9796
9802
9807
9815
9813
9817
9819
9922
9871
9833
9823
9822
9832
9841
9835
9845
9864
9890
9879
9877
9886
9886
9901
9900
9910
9915
9953
9944
9935
9922
9936
9938
9952
9950
9952
9953
9969
9954
9954
9956
9964
9972
9970
9975
9978
10085
10037
10003
9982
9980
9979
9980
9988
9983
9992
9992
10024
10014
10012
10014
10016
10029
10026
10031
10032
10050
10045
10041
10038
10042
10043
10046
10046
10047
10048
10057
10054
10052
10056
10056
10082
10078
10083
10084
10130
10096
10093
10087
10086
10089
10090
10094
10094
10094
10095
10115
10098
10096
10102
10104
10121
10118
10122
10129
10154
10146
10138
10134
10139
10144
10148
10147
10150
10150
10159
10156
10154
10157
10159
10162
10161
10162
10165
11106
10693
10423
10279
10216
10197
10186
10178
10174
10184
10188
10187
10190
10190
10209
10202
10200
10206
10208
10213
10213
10214
10215
10242
10227
10223
10220
10225
10226
10236
10229
10238
10238
10262
10252
10245
10257
10257
10268
10265
10276
10278
10339
10306
10294
10285
10279
10286
10299
10299
10299
10302
10329
10312
10307
10313
10313
10337
10331
10339
10339
10389
10357
10344
10342
10346
10347
10365
10364
10366
10389
10418
10411
10389
10413
10414
10421
10418
10422
10422
10552
10468
10442
10431
10427
10424
10430
10434
10432
10440
10440
10455
10448
10442
10450
10452
10460
10459
10465
10467
10499
10483
10470
10469
10474
10476
10490
10488
10492
10495
10520
10510
10506
10516
10520
10530
10521
10533
10542
10618
10582
10560
10559
10556
10560
10572
10564
10578
10580
10596
10591
10585
10591
10595
10603
10600
10610
10617
10650
10634
10624
10624
10628
10630
10636
10634
10646
10647
10674
10665
10658
10667
10670
10686
10674
10691
10692
10896
10794
10746
10725
10710
10701
10699
10702
10719
10711
10720
10724
10737
10729
10726
10733
10736
10740
10738
10741
10745
10767
10757
10752
10748
10753
10753
10761
10757
10763
10765
10775
10772
10770
10773
10774
10782
10778
10787
10789
10844
10819
10801
10794
10794
10795
10805
10803
10814
10814
10838
10820
10820
10821
10835
10842
10840
10843
10844
10863
10854
10850
10847
10850
10851
10856
10855
10859
10862
10876
10869
10865
10872
10872
10884
10877
10894
10895
10987
10937
10920
10915
10897
10896
10906
10918
10915
10918
10919
10933
10925
10924
10927
10928
10935
10934
10936
10936
10969
10951
10943
10939
10943
10945
10958
10957
10967
10968
10976
10972
10970
10973
10973
10982
10982
10986
10986
11037
11008
10998
10987
10987
10989
11001
11001
11003
11005
11015
11010
11009
11011
11012
11022
11017
11026
11026
11072
11052
11046
11043
11052
11052
11057
11057
11058
11067
11088
11077
11076
11081
11087
11094
11094
11096
11099
11650
11390
11241
11167
11131
11117
11110
11107
11116
11120
11117
11126
11126
11159
11146
11138
11155
11158
11160
11160
11161
11163
11196
11186
11176
11167
11181
11184
11189
11189
11192
11195
11230
11202
11199
11204
11224
11233
11233
11237
11240
11304
11275
11258
11245
11241
11255
11259
11258
11265
11270
11291
11277
11277
11285
11289
11294
11291
11297
11298
11367
11337
11314
11312
11317
11326
11347
11338
11348
11363
11382
11375
11374
11376
11381
11384
11382
11386
11388
11530
11476
11422
11408
11406
11400
11406
11417
11412
11419
11420
11459
11430
11430
11435
11447
11462
11461
11468
11472
11503
11495
11481
11478
11490
11491
11499
11495
11502
11503
11509
11504
11504
11507
11507
11515
11511
11525
11528
11596
11567
11543
11535
11530
11540
11555
11552
11557
11566
11590
11578
11570
11579
11587
11591
11590
11592
11592
11620
11601
11599
11599
11601
11601
11607
11602
11607
11617
11635
11630
11621
11631
11634
11637
11637
11640
11648
11949
11819
11739
11704
11662
11659
11650
11661
11685
11674
11686
11687
11722
11718
11704
11719
11719
11737
11730
11738
11738
11767
11742
11741
11740
11741
11742
11758
11747
11759
11764
11793
11782
11771
11782
11785
11813
11799
11814
11817
11877
11851
11825
11822
11821
11825
11840
11839
11841
11849
11868
11853
11851
11854
11857
11870
11869
11871
11876
11919
11901
11891
11879
11893
11895
11904
11902
11906
11912
11933
11926
11922
11927
11933
11938
11936
11941
11943
12084
12005
11969
11961
11953
11953
11956
11964
11963
11964
11965
11981
11973
11971
11976
11979
11990
11982
11991
12000
12048
12021
12008
12007
12013
12014
12031
12029
12035
12046
12074
12051
12049
12058
12058
12080
12079
12081
12084
12141
12111
12093
12093
12085
12093
12093
12101
12095
12102
12108
12119
12112
12111
12113
12117
12123
12119
12124
12135
12175
12152
12146
12143
12151
12151
12168
12157
12173
12175
12185
12177
12176
12178
12183
12198
12185
12198
12203
14259
13205
12661
12439
12319
12259
12228
12219
12210
12206
12216
12221
12220
12226
12227
12245
12234
12230
12235
12235
12255
12246
12255
12257
12291
12273
12266
12265
12267
12269
12278
12274
12289
12291
12302
12296
12295
12300
12300
12315
12314
12315
12316
12370
12347
12335
12324
12321
12327
12343
12338
12344
12345
12361
12353
12349
12355
12359
12365
12364
12368
12370
12400
12384
12377
12377
12379
12384
12394
12392
12397
12399
12416
12409
12408
12412
12415
12423
12419
12430
12433
12543
12483
12457
12448
12444
12439
12448
12453
12448
12456
12456
12468
12459
12457
12463
12468
12472
12471
12474
12480
12510
12499
12494
12488
12494
12495
12504
12500
12505
12505
12531
12525
12522
12526
12531
12534
12533
12536
12538
12599
12565
12550
12546
12544
12550
12560
12553
12564
12565
12592
12573
12568
12579
12586
12592
12592
12592
12599
12634
12614
12605
12600
12610
12612
12615
12614
12627
12633
12650
12640
12638
12641
12649
12654
12654
12656
12659
12918
12793
12715
12689
12672
12669
12661
12671
12679
12674
12685
12687
12698
12693
12690
12693
12697
12706
12699
12709
12715
12759
12746
12736
12728
12739
12741
12753
12752
12756
12757
12773
12770
12763
12771
12772
12778
12773
12786
12792
12850
12823
12810
12799
12796
12805
12815
12815
12818
12823
12835
12829
12826
12832
12833
12848
12842
12849
12850
12884
12863
12853
12852
12854
12859
12867
12864
12872
12876
12892
12886
12885
12887
12888
12902
12899
12911
12911
13051
12971
12943
12936
12931
12921
12934
12939
12936
12940
12942
12966
12948
12945
12956
12959
12966
12966
12969
12970
13002
12986
12974
12973
12975
12984
12998
12994
12999
13000
13030
13008
13005
13012
13026
13044
13044
13049
13051
13158
13117
13101
13077
13052
13098
13111
13108
13115
13116
13141
13120
13118
13128
13131
13148
13145
13149
13151
13187
13171
13161
13158
13162
13164
13174
13173
13181
13186
13200
13192
13190
13195
13198
13201
13201
13203
13205
13727
13471
13334
13257
13226
13215
13213
13211
13214
13218
13216
13218
13221
13244
13229
13229
13241
13242
13253
13248
13253
13254
13289
13274
13271
13265
13272
13273
13280
13275
13282
13282
13320
13292
13291
13297
13307
13328
13321
13328
13332
13389
13355
13344
13336
13335
13337
13352
13350
13354
13354
13378
13367
13366
13369
13373
13385
13384
13386
13388
13444
13410
13401
13392
13406
13408
13418
13413
13436
13444
13459
13451
13444
13452
13458
13465
13461
13470
13471
13592
13525
13494
13486
13477
13472
13480
13490
13487
13491
13493
13506
13494
13494
13495
13495
13507
13506
13512
13519
13548
13537
13530
13527
13531
13536
13542
13537
13542
13545
13564
13550
13548
13551
13557
13577
13575
13580
13580
13658
13624
13610
13601
13593
13604
13617
13614
13618
13624
13643
13639
13631
13639
13640
13645
13644
13646
13654
13704
13681
13670
13664
13670
13678
13686
13681
13697
13701
13718
13711
13708
13712
13714
13719
13718
13720
13723
13984
13855
13795
13768
13754
13736
13736
13739
13757
13754
13759
13759
13784
13773
13770
13774
13777
13789
13784
13791
13793
13838
13816
13805
13801
13807
13811
13826
13826
13830
13832
13843
13840
13839
13842
13843
13848
13845
13849
13852
13921
13885
13864
13859
13857
13863
13875
13866
13876
13883
13905
13888
13887
13891
13904
13907
13905
13912
13916
13957
13930
13922
13922
13926
13927
13940
13940
13950
13952
13972
13964
13958
13966
13972
13974
13972
13979
13982
14125
14041
14022
14002
13996
13987
14002
14006
14004
14006
14008
14031
14025
14022
14029
14030
14036
14031
14040
14040
14083
14070
14057
14056
14060
14068
14074
14072
14076
14082
14104
14092
14089
14104
14104
14119
14118
14122
14123
14188
14151
14134
14130
14125
14132
14133
14141
14140
14141
14144
14172
14171
14167
14171
14172
14176
14173
14176
14188
14227
14199
14190
14189
14195
14197
14214
14206
14217
14218
14244
14235
14231
14237
14243
14250
14245
14252
14258
15341
14808
14491
14380
14302
14276
14269
14262
14261
14265
14271
14270
14275
14276
14287
14277
14277
14279
14284
14297
14290
14299
14300
14331
14319
14310
14306
14314
14315
14323
14321
14323
14324
14363
14340
14331
14342
14345
14368
14367
14373
14373
14440
14405
14384
14380
14380
14383
14389
14389
14398
14403
14422
14407
14407
14415
14419
14432
14425
14436
14439
14463
14449
14442
14440
14446
14447
14459
14457
14460
14461
14478
14468
14465
14471
14472
14481
14480
14488
14488
14647
14576
14539
14517
14496
14494
14512
14525
14524
14530
14536
14557
14544
14541
14545
14554
14563
14559
14569
14574
14605
14584
14580
14577
14580
14581
14597
14594
14600
14603
14636
14614
14605
14626
14633
14641
14640
14641
14644
14720
14674
14665
14660
14650
14664
14671
14668
14672
14672
14704
14679
14678
14680
14683
14710
14709
14712
14715
14773
14757
14728
14726
14745
14748
14761
14757
14770
14771
14792
14775
14773
14783
14783
14796
14793
14800
14805
15060
14915
14862
14830
14815
14810
14810
14812
14819
14816
14822
14823
14850
14842
14840
14844
14849
14857
14852
14859
14860
14892
14886
14874
14867
14875
14880
14888
14887
14888
14890
14907
14893
14892
14900
14907
14910
14909
14911
14914
14980
14942
14923
14918
14916
14921
14935
14928
14940
14940
14953
14944
14942
14947
14948
14967
14956
14973
14975
15010
14999
14982
14982
14993
14994
15006
14999
15007
15010
15019
15017
15016
15017
15018
15032
15029
15033
15045
15195
15123
15089
15074
15064
15061
15066
15075
15074
15083
15087
15098
15091
15090
15096
15097
15105
15098
15109
15115
15164
15145
15134
15124
15139
15143
15151
15149
15160
15161
15177
15167
15164
15169
15175
15187
15186
15194
15194
15258
15221
15212
15205
15203
15206
15218
15213
15219
15220
15229
15226
15223
15227
15228
15243
15233
15245
15250
15304
15281
15262
15261
15278
15279
15302
15288
15303
15303
15329
15306
15305
15307
15308
15334
15330
15338
15340
15829
15574
15464
15394
15365
15355
15348
15347
15351
15358
15358
15362
15363
15372
15369
15369
15370
15371
15376
15374
15384
15388
15437
15430
15405
15395
15408
15428
15433
15431
15433
15433
15452
15439
15438
15442
15450
15459
15457
15462
15463
15527
15502
15474
15473
15469
15474
15478
15474
15481
15485
15516
15504
15503
15511
15512
15521
15517
15522
15523
15541
15536
15531
15529
15532
15535
15538
15537
15541
15541
15558
15544
15541
15544
15556
15568
15560
15570
15572
15699
15629
15599
15589
15588
15578
15588
15596
15592
15597
15598
15607
15600
15600
15601
15603
15621
15620
15622
15628
15671
15650
15640
15632
15648
15648
15656
15654
15656
15660
15680
15676
15675
15678
15678
15691
15684
15692
15697
15745
15709
15704
15702
15701
15702
15706
15704
15707
15708
15733
15723
15721
15732
15733
15737
15735
15740
15741
15798
15784
15765
15746
15768
15780
15787
15784
15790
15792
15810
15807
15798
15808
15809
15819
15811
15823
15828
16116
15965
15891
15866
15837
15834
15831
15837
15841
15839
15845
15851
15870
15869
15868
15870
15870
15878
15873
15881
15881
15929
15904
15899
15895
15900
15900
15916
15912
15924
15927
15947
15932
15929
15936
15938
15952
15948
15958
15962
16042
15996
15986
15974
15972
15976
15993
15987
15993
15993
16015
16001
16000
16007
16008
16027
16023
16030
16035
16069
16060
16049
16046
16051
16052
16064
16064
16066
16069
16097
16079
16077
16079
16095
16103
16097
16103
16108
16207
16165
16143
16126
16125
16120
16125
16128
16127
16130
16141
16154
16146
16145
16149
16152
16156
16154
16161
16162
16189
16181
16166
16165
16174
16178
16186
16185
16188
16189
16196
16190
16189
16194
16195
16199
16199
16202
16206
16263
16244
16216
16208
16207
16212
16214
16223
16221
16232
16238
16253
16249
16249
16250
16252
16256
16255
16259
16262
16292
16273
16267
16264
16270
16273
16280
16277
16285
16285
16300
16297
16296
16299
16300
16307
16306
16309
16309
24452
20617
18473
17369
16840
16571
16421
16364
16335
16321
16319
16313
16319
16329
16324
16332
16335
16354
16347
16341
16347
16347
16358
16357
16361
16363
16400
16382
16376
16370
16378
16381
16390
16387
16390
16400
16408
16403
16402
16405
16407
16411
16408
16420
16421
16504
16467
16435
16425
16422
16433
16447
16440
16451
16462
16478
16475
16470
16478
16478
16483
16479
16490
16504
16537
16519
16509
16506
16510
16518
16524
16521
16529
16536
16562
16554
16547
16555
16558
16565
16565
16565
16566
16706
16640
16616
16581
16575
16575
16578
16596
16581
16604
16607
16627
16624
16620
16625
16625
16632
16628
16634
16639
16674
16663
16646
16643
16652
16655
16667
16664
16668
16668
16687
16680
16679
16681
16683
16696
16690
16697
16699
16776
16728
16709
16708
16708
16708
16716
16709
16718
16719
16747
16732
16732
16734
16741
16758
16757
16761
16772
16814
16793
16783
16779
16787
16790
16804
16803
16805
16812
16829
16820
16818
16821
16824
16837
16829
16839
16840
17088
16960
16907
16870
16853
16849
16842
16853
16859
16858
16860
16861
16894
16876
16875
16882
16888
16900
16899
16905
16907
16927
16916
16915
16912
16915
16915
16918
16917
16919
16919
16942
16934
16927
16937
16940
16950
16942
16950
16957
17020
16991
16974
16964
16960
16967
16982
16976
16986
16987
17007
16998
16995
16998
17005
17010
17008
17011
17013
17066
17028
17023
17021
17023
17026
17041
17035
17051
17059
17078
17067
17067
17071
17076
17081
17079
17082
17082
17232
17142
17113
17104
17092
17090
17100
17106
17106
17107
17108
17129
17123
17122
17123
17125
17133
17129
17134
17138
17186
17164
17150
17142
17151
17158
17169
17165
17178
17185
17200
17188
17187
17195
17196
17215
17214
17220
17230
17282
17275
17251
17245
17234
17251
17259
17252
17263
17267
17281
17279
17278
17279
17281
17281
17281
17282
17282
17344
17306
17289
17285
17294
17297
17330
17325
17332
17343
17353
17349
17347
17352
17353
17362
17359
17364
17368
17876
17621
17493
17430
17405
17388
17380
17376
17382
17396
17394
17396
17397
17412
17407
17407
17410
17411
17427
17426
17429
17430
17460
17450
17432
17432
17438
17450
17454
17453
17457
17459
17479
17475
17475
17477
17478
17483
17481
17489
17492
17558
17518
17511
17501
17497
17511
17515
17512
17515
17518
17546
17529
17527
17535
17539
17552
17552
17554
17558
17591
17574
17562
17559
17569
17571
17580
17574
17580
17583
17610
17597
17593
17600
17600
17611
17611
17616
17618
17732
17671
17647
17627
17625
17625
17626
17639
17631
17641
17646
17658
17651
17650
17654
17654
17661
17660
17661
17663
17700
17682
17676
17673
17678
17682
17689
17685
17691
17698
17722
17707
17704
17709
17714
17724
17723
17727
17731
17792
17754
17742
17734
17732
17740
17749
17749
17752
17753
17778
17762
17755
17768
17772
17784
17784
17789
17790
17838
17806
17794
17792
17798
17804
17821
17821
17821
17821
17845
17840
17839
17840
17843
17868
17867
17870
17875
18157
18043
17967
17934
17885
17878
17876
17879
17902
17893
17932
17934
17952
17943
17936
17946
17948
17957
17956
17958
17962
18013
17998
17976
17971
17981
17993
18004
18003
18004
18010
18025
18021
18019
18023
18023
18034
18031
18037
18037
18098
18070
18050
18043
18043
18045
18059
18054
18063
18070
18083
18077
18073
18080
18082
18090
18085
18091
18096
18118
18103
18099
18098
18102
18102
18108
18104
18113
18118
18130
18123
18120
18124
18125
18143
18134
18145
18146
18265
18211
18189
18168
18158
18158
18161
18177
18172
18184
18189
18205
18196
18196
18198
18201
18206
18206
18208
18210
18240
18232
18223
18220
18227
18228
18235
18233
18236
18238
18250
18245
18240
18246
18249
18255
18251
18257
18261
18345
18306
18285
18273
18267
18277
18279
18289
18288
18303
18306
18328
18317
18316
18325
18327
18336
18331
18338
18338
18413
18377
18363
18352
18365
18377
18391
18385
18403
18405
18449
18425
18420
18433
18441
18465
18462
18468
18470
19534
19008
18748
18586
18530
18491
18483
18477
18477
18481
18486
18485
18488
18489
18510
18504
18503
18510
18510
18519
18514
18519
18528
18553
18541
18531
18530
18537
18541
18546
18542
18548
18553
18571
18556
18553
18559
18560
18579
18574
18583
18583
18672
18640
18615
18597
18592
18613
18621
18620
18623
18635
18662
18657
18640
18658
18661
18666
18666
18667
18667
18711
18693
18682
18679
18682
18687
18698
18696
18703
18709
18733
18727
18717
18730
18730
18742
18738
18744
18748
18883
18814
18793
18769
18753
18749
18757
18778
18773
18786
18787
18803
18798
18795
18800
18802
18807
18806
18808
18810
18832
18818
18816
18815
18816
18818
18827
18822
18827
18830
18847
18840
18836
18844
18845
18872
18853
18873
18874
18933
18903
18889
18887
18886
18888
18897
18890
18897
18901
18916
18912
18904
18913
18914
18923
18920
18923
18927
18968
18958
18939
18939
18943
18950
18964
18963
18964
18968
18985
18973
18972
18978
18980
18999
18991
19001
19005
19284
19171
19110
19046
19021
19014
19011
19015
19024
19021
19038
19041
19080
19058
19052
19058
19062
19099
19099
19102
19108
19145
19119
19116
19111
19118
19119
19131
19128
19134
19135
19161
19150
19149
19152
19152
19168
19164
19169
19170
19220
19190
19179
19175
19171
19177
19180
19179
19184
19185
19213
19204
19191
19206
19209
19216
19215
19217
19218
19245
19234
19226
19224
19227
19230
19239
19235
19243
19244
19257
19251
19249
19256
19257
19272
19264
19274
19275
19407
19350
19311
19304
19298
19288
19299
19307
19304
19310
19310
19332
19322
19320
19326
19327
19343
19343
19348
19349
19382
19370
19359
19356
19359
19367
19378
19374
19381
19382
19397
19386
19384
19391
19396
19400
19398
19403
19404
19471
19429
19416
19409
19409
19415
19419
19417
19422
19427
19456
19439
19430
19442
19448
19458
19457
19460
19471
19510
19489
19476
19472
19477
19478
19493
19489
19496
19505
19524
19518
19516
19520
19523
19527
19527
19530
19531
20034
19756
19646
19577
19565
19544
19540
19535
19542
19555
19546
19557
19560
19573
19567
19565
19567
19569
19575
19574
19576
19577
19617
19605
19586
19578
19588
19603
19613
19607
19616
19616
19633
19622
19617
19631
19632
19639
19635
19644
19645
19702
19663
19658
19655
19654
19658
19662
19661
19662
19662
19682
19670
19666
19676
19679
19697
19693
19698
19699
19724
19717
19707
19707
19710
19717
19719
19718
19719
19721
19741
19730
19724
19737
19738
19743
19742
19747
19751
19914
19815
19787
19772
19759
19756
19769
19782
19780
19782
19784
19801
19792
19788
19794
19797
19813
19806
19813
19815
19874
19849
19839
19823
19842
19847
19857
19856
19860
19871
19884
19876
19875
19880
19882
19896
19885
19900
19912
19981
19946
19930
19919
19914
19924
19936
19936
19939
19945
19969
19959
19952
19964
19966
19970
19969
19971
19978
20009
20006
19987
19987
19989
19995
20008
20007
20008
20008
20027
20021
20011
20024
20025
20027
20027
20028
20032
20298
20175
20114
20085
20042
20038
20037
20038
20052
20052
20059
20065
20102
20094
20093
20097
20100
20107
20106
20111
20112
20151
20130
20120
20116
20122
20126
20141
20137
20142
20149
20155
20153
20152
20154
20154
20164
20163
20168
20170
20227
20192
20183
20181
20175
20182
20188
20183
20191
20192
20218
20199
20193
20199
20210
20218
20218
20220
20221
20262
20249
20234
20230
20238
20243
20257
20250
20261
20262
20280
20268
20264
20270
20273
20289
20284
20295
20295
20465
20391
20344
20324
20312
20300
20322
20329
20326
20332
20337
20369
20356
20346
20360
20367
20386
20373
20387
20388
20439
20414
20409
20403
20413
20414
20428
20418
20430
20437
20448
20442
20441
20445
20445
20457
20452
20457
20462
20530
20498
20482
20475
20475
20477
20480
20484
20482
20485
20491
20509
20503
20500
20504
20508
20523
20514
20524
20528
20563
20553
20546
20531
20546
20546
20556
20555
20559
20562
20591
20575
20569
20577
20586
20603
20596
20604
20617
22418
21506
21055
20854
20752
20668
20641
20625
20618
20618
20625
20633
20626
20636
20641
20657
20649
20646
20654
20654
20657
20657
20659
20668
20698
20681
20672
20669
20676
20681
20694
20690
20697
20698
20721
20708
20706
20718
20718
20725
20722
20727
20749
20807
20793
20770
20768
20764
20770
20781
20776
20785
20786
20800
20796
20794
20796
20798
20803
20801
20805
20805
20828
20818
20812
20807
20817
20817
20823
20818
20825
20827
20845
20834
20830
20838
20842
20850
20848
20854
20854
20944
20901
20876
20857
20855
20855
20856
20862
20857
20870
20872
20885
20877
20877
20883
20884
20891
20887
20897
20899
20932
20922
20915
20904
20920
20920
20925
20924
20927
20927
20936
20933
20932
20935
20936
20943
20939
20943
20943
21000
20968
20955
20944
20944
20953
20962
20959
20965
20967
20981
20969
20969
20972
20976
20988
20986
20994
20997
21033
21015
21006
21005
21010
21012
21019
21016
21025
21032
21044
21034
21034
21034
21042
21048
21045
21050
21052
21250
21141
21101
21084
21070
21058
21056
21064
21072
21072
21076
21077
21092
21089
21086
21090
21090
21096
21093
21097
21097
21123
21111
21105
21105
21107
21107
21117
21113
21119
21122
21129
21126
21126
21127
21128
21137
21131
21139
21139
21203
21164
21149
21143
21142
21146
21154
21153
21154
21154
21178
21172
21166
21172
21174
21193
21183
21198
21200
21229
21213
21213
21206
21213
21213
21220
21216
21226
21226
21240
21232
21231
21239
21239
21246
21242
21248
21249
21373
21299
21269
21256
21254
21254
21256
21263
21258
21264
21267
21281
21273
21271
21274
21277
21292
21289
21292
21296
21339
21319
21308
21303
21313
21318
21329
21326
21334
21337
21362
21349
21343
21349
21351
21363
21363
21364
21370
21426
21408
21397
21385
21374
21393
21402
21401
21403
21406
21413
21409
21408
21409
21410
21414
21414
21419
21426
21467
21446
21429
21427
21433
21445
21459
21456
21462
21465
21478
21473
21472
21473
21475
21479
21479
21491
21498
21977
21750
21644
21574
21538
21523
21509
21509
21512
21531
21527
21531
21535
21565
21543
21542
21545
21550
21566
21565
21568
21568
21604
21588
21578
21577
21586
21587
21600
21591
21603
21603
21627
21607
21606
21611
21623
21632
21631
21634
21635
21693
21663
21651
21648
21647
21649
21658
21656
21660
21661
21675
21665
21664
21669
21671
21684
21682
21689
21693
21728
21706
21698
21697
21704
21704
21712
21707
21715
21721
21741
21733
21732
21737
21738
21743
21741
21750
21750
21884
21809
21777
21760
21755
21752
21756
21769
21768
21772
21773
21795
21790
21783
21791
21791
21802
21795
21805
21807
21851
21826
21811
21811
21812
21815
21830
21830
21844
21845
21869
21856
21852
21858
21861
21873
21870
21876
21882
21920
21907
21895
21891
21889
21893
21899
21897
21900
21903
21913
21909
21907
21913
21913
21915
21914
21915
21917
21955
21941
21934
21925
21936
21938
21949
21945
21954
21954
21961
21958
21956
21959
21960
21962
21961
21965
21969
22211
22077
22016
21998
21982
21978
21977
21980
21991
21983
21992
21996
22009
22005
22004
22006
22009
22011
22011
22011
22013
22040
22030
22024
22020
22025
22028
22034
22033
22036
22037
22062
22047
22042
22048
22052
22074
22066
22074
22076
22133
22106
22087
22082
22078
22086
22091
22090
22096
22102
22118
22115
22114
22115
22116
22126
22120
22126
22127
22178
22155
22149
22147
22151
22154
22171
22166
22172
22177
22199
22185
22182
22193
22193
22209
22205
22209
22210
22299
22248
22228
22222
22219
22214
22221
22225
22225
22226
22226
22240
22238
22230
22238
22239
22243
22242
22244
22247
22270
22258
22251
22248
22252
22255
22261
22259
22262
22270
22286
22273
22271
22274
22283
22290
22286
22292
22296
22362
22316
22308
22302
22302
22303
22305
22311
22311
22313
22316
22345
22325
22324
22329
22340
22357
22346
22359
22360
22387
22375
22371
22370
22372
22372
22382
22376
22384
22384
22399
22395
22391
22397
22398
22406
22401
22407
22415
23485
22929
22669
22541
22467
22438
22426
22424
22422
22425
22428
22427
22432
22433
22447
22442
22440
22445
22447
22450
22448
22453
22466
22510
22485
22475
22470
22476
22482
22489
22487
22497
22509
22526
22515
22515
22519
22526
22534
22530
22538
22539
22582
22561
22555
22551
22542
22552
22558
22556
22560
22560
22572
22563
22563
22567
22569
22576
22574
22576
22577
22636
22600
22591
22588
22593
22597
22630
22605
22630
22633
22656
22643
22641
22655
22655
22662
22660
22662
22666
22789
22709
22689
22678
22673
22669
22676
22680
22679
22680
22686
22698
22696
22692
22697
22697
22705
22704
22706
22708
22750
22719
22711
22710
22711
22719
22728
22723
22729
22740
22762
22752
22751
22755
22758
22769
22762
22773
22784
22843
22814
22795
22791
22790
22795
22797
22795
22801
22809
22824
22816
22815
22818
22823
22833
22833
22837
22838
22885
22859
22849
22846
22854
22856
22872
22869
22879
22882
22911
22887
22886
22907
22911
22919
22912
22928
22928
23199
23062
22992
22950
22936
22930
22930
22931
22942
22940
22944
22948
22979
22961
22951
22967
22971
22990
22986
22990
22991
23022
23005
22996
22992
23001
23004
23009
23009
23013
23015
23037
23025
23024
23033
23035
23043
23041
23050
23062
23138
23106
23082
23075
23070
23075
23096
23095
23096
23096
23126
23111
23110
23121
23125
23134
23128
23134
23134
23174
23152
23139
23139
23141
23145
23160
23156
23162
23164
23193
23183
23181
23190
23192
23196
23193
23198
23199
23349
23269
23238
23210
23203
23202
23206
23227
23220
23230
23235
23261
23243
23243
23245
23253
23263
23261
23264
23266
23317
23300
23286
23280
23293
23295
23309
23303
23314
23314
23330
23325
23320
23326
23329
23334
23332
23343
23348
23422
23396
23371
23355
23350
23363
23380
23379
23389
23392
23411
23403
23402
23403
23407
23418
23415
23419
23420
23446
23439
23429
23427
23430
23433
23441
23440
23441
23444
23471
23461
23457
23463
23463
23475
23475
23478
23480
23960
23730
23586
23542
23504
23497
23490
23487
23496
23501
23499
23502
23503
23523
23508
23507
23517
23522
23540
23536
23541
23541
23565
23557
23544
23543
23551
23556
23559
23558
23561
23561
23574
23566
23566
23569
23574
23576
23575
23581
23584
23659
23629
23601
23593
23587
23600
23623
23614
23624
23627
23645
23638
23637
23639
23639
23649
23648
23652
23654
23681
23668
23661
23660
23661
23666
23671
23669
23672
23680
23716
23699
23681
23710
23716
23718
23717
23721
23729
23830
23766
23751
23736
23731
23730
23735
23741
23736
23746
23748
23760
23755
23754
23757
23760
23762
23760
23764
23765
23803
23788
23775
23768
23781
23782
23796
23792
23797
23802
23813
23808
23806
23809
23813
23823
23816
23828
23829
23889
23865
23837
23830
23830
23837
23843
23838
23846
23861
23875
23867
23866
23869
23873
23880
23876
23887
23888
23915
23905
23897
23891
23899
23903
23913
23910
23913
23914
23938
23930
23926
23932
23934
23943
23942
23947
23949
24211
24075
24009
23981
23973
23972
23966
23973
23977
23973
23979
23980
23991
23987
23986
23988
23990
23999
23992
24003
24004
24032
24015
24011
24011
24012
24015
24025
24018
24026
24027
24056
24045
24038
24047
24049
24059
24057
24059
24068
24145
24116
24105
24077
24077
24097
24108
24108
24108
24109
24132
24125
24117
24126
24127
24136
24133
24136
24140
24177
24159
24156
24150
24158
24158
24159
24159
24164
24170
24203
24197
24185
24198
24199
24206
24204
24207
24210
24328
24265
24239
24221
24219
24216
24220
24228
24226
24233
24237
24249
24243
24241
24244
24246
24252
24252
24255
24265
24294
24290
24274
24273
24279
24289
24292
24291
24293
24293
24321
24310
24301
24316
24320
24321
24321
24326
24327
24377
24353
24344
24331
24329
24336
24341
24349
24344
24352
24352
24360
24353
24353
24360
24360
24375
24368
24375
24377
24414
24390
24385
24383
24388
24389
24403
24403
24409
24409
24417
24416
24415
24416
24417
24439
24436
24444
24446
28738
26502
25431
24945
24687
24558
24494
24464
24458
24453
24453
24458
24461
24458
24461
24462
24476
24471
24470
24472
24474
24488
24479
24488
24490
24520
24510
24496
24496
24497
24504
24514
24512
24516
24517
24540
24523
24521
24529
24534
24554
24541
24554
24555
24631
24592
24572
24565
24562
24571
24576
24575
24582
24588
24623
24615
24606
24619
24619
24627
24626
24629
24630
24661
24645
24635
24631
24636
24639
24650
24647
24655
24660
24675
24668
24661
24672
24673
24680
24678
24683
24685
24829
24752
24715
24700
24694
24688
24700
24708
24706
24710
24710
24744
24723
24722
24726
24733
24748
24747
24749
24749
24800
24768
24757
24756
24758
24767
24781
24774
24782
24784
24815
24804
24801
24809
24810
24824
24821
24826
24826
24893
24855
24834
24832
24831
24833
24838
24835
24844
24848
24863
24861
24857
24861
24862
24867
24865
24872
24881
24921
24917
24908
24898
24911
24912
24918
24917
24918
24919
24935
24922
24922
24924
24925
24937
24936
24938
24942
25203
25082
24999
24967
24957
24952
24948
24955
24958
24958
24966
24966
24985
24982
24976
24983
24983
24990
24985
24994
24996
25048
25019
25004
25004
25005
25005
25037
25037
25037
25043
25064
25055
25050
25056
25059
25076
25066
25078
25082
25145
25111
25099
25092
25083
25096
25104
25101
25109
25110
25126
25119
25117
25119
25125
25131
25129
25140
25144
25168
25160
25152
25148
25158
25159
25165
25163
25165
25166
25190
25177
25176
25187
25189
25193
25193
25195
25196
25324
25262
25236
25214
25206
25204
25211
25215
25215
25219
25225
25254
25246
25240
25251
25252
25256
25254
25256
25261
25289
25275
25266
25263
25272
25275
25286
25277
25286
25288
25309
25295
25294
25299
25305
25313
25311
25314
25323
25383
25343
25329
25326
25324
25326
25334
25329
25337
25341
25371
25355
25350
25362
25371
25376
25372
25380
25383
25407
25394
25388
25386
25389
25389
25401
25394
25402
25406
25422
25410
25409
25417
25418
25426
25422
25428
25428
25907
25652
25540
25482
25460
25452
25440
25436
25447
25456
25452
25458
25459
25465
25464
25463
25464
25464
25468
25466
25468
25475
25515
25505
25496
25487
25498
25503
25513
25506
25514
25514
25530
25517
25516
25523
25523
25531
25530
25534
25538
25601
25577
25560
25551
25546
25559
25566
25563
25567
25567
25589
25582
25578
25583
25583
25595
25591
25597
25598
25625
25620
25607
25606
25610
25620
25623
25621
25623
25624
25639
25627
25626
25628
25631
25640
25640
25641
25641
25788
25723
25684
25658
25654
25653
25654
25667
25661
25672
25675
25697
25693
25687
25695
25696
25708
25697
25712
25719
25751
25734
25725
25723
25732
25732
25741
25737
25747
25749
25764
25760
25756
25760
25764
25774
25765
25778
25784
25846
25808
25797
25795
25791
25796
25802
25800
25805
25806
25823
25811
25809
25815
25816
25835
25832
25841
25844
25879
25859
25850
25846
25853
25857
25867
25863
25871
25874
25895
25887
25884
25888
25892
25896
25895
25901
25902
26192
26050
25970
25946
25927
25923
25919
25926
25939
25929
25939
25943
25953
25949
25946
25951
25953
25961
25961
25966
25968
26013
25978
25973
25971
25975
25975
25996
25994
26008
26010
26037
26024
26020
26034
26035
26039
26038
26047
26050
26115
26078
26063
26054
26053
26055
26067
26065
26068
26076
26091
26082
26080
26083
26086
26107
26099
26108
26114
26149
26125
26117
26116
26118
26124
26141
26138
26143
26149
26178
26167
26156
26168
26177
26185
26179
26188
26190
26363
26265
26224
26203
26202
26196
26202
26217
26214
26219
26223
26232
26229
26227
26231
26231
26255
26237
26256
26263
26301
26280
26267
26266
26273
26275
26287
26287
26294
26297
26327
26309
26308
26309
26319
26332
26327
26339
26353
26442
26403
26386
26365
26364
26367
26375
26391
26388
26391
26401
26424
26406
26403
26409
26419
26434
26432
26438
26442
26476
26466
26452
26443
26453
26454
26467
26467
26471
26472
26482
26478
26477
26479
26479
26489
26483
26491
26494
27556
26983
26714
26603
26542
26516
26505
26504
26503
26505
26506
26506
26511
26514
26532
26525
26518
26525
26531
26535
26534
26535
26537
26559
26549
26542
26542
26543
26548
26553
26552
26554
26558
26588
26565
26562
26575
26588
26594
26590
26597
26597
26649
26625
26605
26604
26604
26605
26611
26609
26614
26624
26637
26628
26625
26629
26632
26639
26637
26641
26645
26677
26663
26659
26655
26659
26660
26664
26663
26667
26672
26699
26693
26680
26696
26697
26706
26699
26709
26710
26831
26775
26753
26721
26717
26715
26719
26745
26722
26752
26753
26759
26756
26755
26758
26758
26767
26763
26774
26774
26811
26801
26795
26781
26800
26801
26808
26805
26809
26810
26827
26815
26812
26815
26816
26830
26829
26830
26830
26909
26879
26867
26853
26847
26862
26872
26872
26876
26879
26892
26885
26883
26886
26888
26900
26898
26906
26908
26934
26918
26909
26909
26909
26916
26918
26918
26921
26933
26956
26939
26935
26943
26947
26960
26960
26965
26976
27242
27112
27065
27032
27003
26998
26990
27001
27013
27009
27020
27027
27039
27036
27036
27037
27038
27045
27040
27051
27061
27091
27077
27070
27069
27072
27076
27087
27081
27089
27090
27105
27097
27092
27098
27102
27109
27108
27111
27112
27182
27160
27150
27132
27132
27141
27154
27153
27154
27155
27167
27164
27163
27164
27165
27177
27177
27178
27180
27213
27195
27185
27184
27186
27192
27204
27196
27207
27211
27234
27220
27217
27223
27227
27237
27236
27237
27241
27405
27329
27283
27253
27249
27248
27253
27258
27257
27277
27278
27305
27290
27286
27290
27298
27324
27319
27325
27328
27355
27338
27331
27331
27337
27338
27351
27350
27352
27352
27373
27366
27356
27368
27369
27388
27374
27404
27404
27469
27437
27420
27416
27409
27419
27427
27427
27429
27432
27450
27443
27443
27447
27449
27462
27462
27463
27468
27521
27493
27475
27474
27478
27488
27506
27500
27511
27516
27542
27537
27534
27538
27542
27545
27544
27547
27552
28155
27855
27702
27652
27595
27579
27562
27556
27564
27589
27583
27590
27591
27625
27607
27605
27615
27622
27635
27629
27642
27648
27681
27658
27658
27658
27658
27658
27668
27665
27675
27676
27692
27687
27683
27688
27689
27695
27693
27696
27698
27786
27745
27711
27705
27702
27708
27718
27712
27726
27736
27767
27753
27746
27757
27764
27780
27776
27782
27785
27818
27800
27792
27791
27796
27796
27805
27801
27808
27817
27838
27830
27822
27833
27835
27841
27839
27843
27844
27997
27929
27892
27875
27867
27864
27873
27881
27881
27881
27889
27904
27899
27897
27899
27900
27911
27910
27918
27922
27957
27939
27934
27931
27934
27935
27946
27940
27948
27956
27988
27967
27961
27981
27987
27990
27989
27993
27995
28072
28031
28019
28011
28000
28012
28022
28021
28023
28031
28041
28035
28032
28038
28040
28049
28046
28050
28064
28107
28084
28074
28074
28076
28081
28086
28086
28097
28105
28121
28113
28108
28117
28121
28136
28121
28136
28151
28438
28296
28233
28182
28167
28166
28165
28167
28178
28170
28180
28181
28213
28199
28190
28204
28210
28214
28214
28226
28227
28273
28258
28239
28235
28246
28251
28262
28258
28270
28271
28282
28277
28274
28278
28279
28286
28286
28288
28291
28363
28328
28311
28306
28304
28306
28321
28316
28325
28326
28344
28332
28330
28339
28341
28357
28349
28358
28360
28397
28385
28375
28374
28378
28379
28392
28390
28393
28394
28410
28401
28398
28405
28408
28419
28415
28426
28435
28567
28493
28464
28456
28448
28442
28452
28461
28460
28461
28464
28477
28469
28467
28475
28477
28478
28478
28491
28491
28532
28513
28498
28496
28500
28504
28517
28517
28527
28532
28544
28533
28532
28534
28536
28556
28546
28557
28558
28680
28641
28596
28570
28568
28574
28595
28624
28621
28627
28638
28663
28642
28642
28660
28662
28670
28669
28678
28678
28711
28704
28688
28688
28698
28702
28705
28705
28710
28711
28721
28715
28712
28716
28719
28723
28723
28728
28737
30753
29721
29255
28968
28858
28795
28759
28742
28741
28739
28742
28751
28748
28752
28753
28777
28771
28763
28776
28777
28790
28784
28791
28795
28844
28824
28812
28806
28819
28823
28832
28828
28835
28839
28852
28851
28847
28851
28852
28853
28852
28853
28858
28930
28899
28865
28863
28863
28864
28874
28870
28877
28892
28909
28904
28901
28906
28908
28912
28911
28914
28921
28952
28946
28934
28933
28938
28939
28948
28947
28949
28951
28962
28956
28956
28957
28961
28965
28963
28966
28966
29087
29012
28986
28974
28972
28968
28974
28982
28975
28985
28986
28995
28990
28988
28994
28994
28997
28996
29008
29011
29036
29029
29024
29022
29026
29028
29033
29029
29034
29035
29055
29046
29046
29050
29055
29073
29071
29074
29075
29189
29143
29126
29092
29090
29103
29137
29127
29139
29140
29164
29154
29152
29159
29163
29174
29166
29178
29179
29218
29202
29191
29191
29193
29197
29205
29203
29210
29216
29232
29219
29218
29220
29231
29235
29234
29235
29245
29491
29377
29311
29287
29269
29263
29258
29269
29275
29274
29276
29276
29294
29293
29291
29293
29294
29308
29307
29309
29310
29342
29321
29313
29312
29317
29320
29331
29330
29333
29338
29363
29351
29344
29351
29359
29363
29363
29371
29373
29440
29412
29394
29381
29380
29381
29406
29403
29408
29411
29418
29414
29413
29415
29416
29429
29419
29433
29434
29479
29447
29442
29441
29442
29444
29457
29449
29459
29467
29487
29487
29485
29487
29487
29490
29488
29491
29491
29632
29574
29538
29506
29499
29492
29504
29514
29511
29516
29516
29562
29542
29540
29548
29552
29570
29563
29571
29573
29615
29602
29596
29575
29596
29596
29605
29603
29610
29610
29625
29617
29615
29619
29620
29628
29626
29631
29631
29677
29656
29645
29637
29632
29642
29653
29650
29655
29656
29669
29664
29661
29665
29669
29672
29671
29674
29677
29695
29685
29684
29681
29685
29685
29688
29686
29689
29690
29717
29704
29701
29710
29713
29719
29718
29719
29720
30236
29973
29848
29794
29763
29751
29741
29734
29748
29756
29755
29756
29761
29774
29770
29767
29771
29773
29780
29776
29786
29793
29817
29807
29795
29794
29799
29805
29808
29807
29809
29811
29830
29824
29818
29829
29830
29846
29843
29846
29847
29914
29870
29866
29861
29848
29865
29867
29867
29868
29868
29890
29886
29882
29886
29887
29904
29893
29911
29913
29933
29923
29916
29914
29917
29923
29925
29924
29927
29929
29949
29946
29945
29947
29948
29955
29953
29957
29959
30101
30043
29998
29979
29976
29976
29978
29990
29982
29993
29998
30033
30014
30013
30017
30030
30035
30033
30035
30040
30067
30055
30052
30045
30054
30055
30059
30057
30059
30064
30078
30070
30069
30072
30072
30087
30084
30098
30099
30169
30145
30113
30112
30108
30113
30126
30118
30126
30134
30154
30150
30148
30153
30154
30161
30157
30165
30165
30206
30187
30174
30169
30180
30184
30204
30197
30205
30206
30219
30216
30210
30216
30218
30227
30224
30231
30234
30478
30362
30286
30244
30241
30239
30238
30239
30244
30242
30244
30244
30256
30253
30248
30253
30254
30280
30257
30282
30285
30328
30310
30298
30294
30298
30309
30314
30311
30316
30322
30334
30330
30328
30331
30332
30350
30347
30354
30362
30403
30373
30370
30366
30365
30367
30372
30370
30372
30373
30388
30376
30373
30376
30386
30391
30390
30392
30402
30434
30417
30413
30405
30413
30415
30427
30420
30430
30432
30467
30444
30443
30446
30455
30474
30474
30478
30478
30604
30535
30505
30485
30482
30481
30484
30495
30489
30498
30502
30511
30506
30506
30507
30509
30525
30522
30527
30532
30573
30553
30549
30539
30551
30552
30568
30561
30569
30570
30590
30574
30574
30581
30589
30599
30596
30599
30604
30665
30632
30618
30608
30608
30616
30617
30622
30622
30622
30630
30645
30635
30634
30637
30645
30653
30653
30661
30662
30728
30699
30684
30684
30692
30698
30705
30704
30721
30723
30739
30733
30730
30733
30734
30743
30741
30745
30749
31755
31299
31044
30899
30834
30786
30775
30757
30754
30762
30782
30775
30782
30783
30810
30797
30789
30800
30806
30823
30823
30829
30833
30872
30852
30839
30837
30846
30847
30853
30853
30866
30871
30885
30878
30874
30880
30882
30894
30886
30895
30897
30960
30925
30903
30900
30899
30902
30909
30905
30915
30918
30938
30930
30927
30931
30935
30946
30942
30953
30956
30995
30976
30965
30964
30967
30975
30993
30989
30993
30994
31029
31009
31002
31011
31013
31034
31032
31039
31041
31199
31125
31100
31078
31059
31054
31074
31091
31082
31094
31094
31114
31106
31103
31111
31111
31115
31114
31117
31122
31168
31143
31129
31127
31129
31134
31150
31146
31150
31151
31181
31173
31168
31178
31180
31183
31182
31188
31188
31252
31214
31204
31201
31201
31204
31211
31208
31213
31214
31232
31221
31215
31226
31230
31245
31237
31246
31246
31282
31263
31257
31254
31258
31260
31266
31266
31270
31278
31294
31287
31284
31291
31293
31296
31294
31297
31299
31548
31433
31388
31324
31310
31304
31304
31306
31317
31313
31317
31321
31368
31340
31333
31357
31362
31373
31372
31374
31378
31404
31395
31393
31391
31393
31394
31397
31395
31401
31403
31421
31410
31406
31412
31412
31428
31428
31428
31431
31494
31461
31455
31453
31434
31455
31458
31457
31459
31461
31473
31471
31465
31472
31472
31486
31478
31488
31494
31514
31507
31502
31496
31503
31504
31513
31511
31513
31513
31537
31525
31520
31528
31532
31540
31539
31546
31547
31654
31591
31563
31553
31550
31548
31551
31555
31553
31558
31559
31581
31572
31567
31572
31574
31587
31582
31588
31591
31629
31614
31595
31594
31610
31613
31619
31616
31620
31625
31647
31640
31636
31645
31645
31648
31648
31649
31650
31708
31676
31664
31658
31654
31658
31663
31673
31667
31674
31675
31689
31680
31677
31683
31686
31701
31697
31703
31705
31735
31726
31719
31709
31720
31723
31730
31729
31733
31735
31747
31745
31743
31747
31747
31749
31748
31753
31754
32243
31971
31872
31823
31786
31767
31760
31757
31765
31771
31769
31778
31780
31800
31792
31787
31796
31799
31804
31801
31809
31812
31847
31832
31830
31828
31831
31831
31833
31833
31837
31845
31860
31851
31851
31853
31856
31869
31862
31869
31870
31916
31897
31883
31873
31872
31882
31890
31888
31893
31893
31903
31900
31897
31902
31903
31908
31905
31909
31914
31941
31927
31924
31920
31926
31926
31937
31927
31939
31939
31955
31943
31941
31949
31953
31963
31962
31964
31968
32121
32062
32002
31980
31976
31975
31977
31990
31983
31990
31998
32035
32024
32020
32026
32032
32042
32037
32052
32059
32084
32071
32066
32066
32068
32069
32073
32073
32074
32083
32102
32092
32086
32094
32100
32104
32102
32106
32108
32181
32157
32130
32127
32123
32128
32148
32138
32148
32155
32165
32162
32161
32163
32164
32175
32168
32178
32181
32217
32202
32188
32186
32194
32194
32205
32204
32207
32214
32227
32223
32223
32224
32225
32232
32232
32239
32242
32496
32376
32288
32268
32251
32247
32247
32249
32265
32260
32266
32267
32281
32274
32271
32274
32278
32284
32281
32285
32286
32352
32328
32304
32289
32314
32327
32331
32329
32336
32346
32367
32360
32360
32363
32366
32369
32368
32372
32374
32447
32412
32393
32381
32380
32389
32405
32400
32409
32411
32417
32414
32413
32415
32415
32424
32422
32430
32437
32467
32460
32456
32449
32457
32460
32463
32460
32465
32466
32477
32469
32468
32470
32472
32486
32479
32490
32492
32632
32554
32529
32510
32509
32504
32510
32520
32516
32523
32528
32546
32531
32530
32543
32545
32552
32547
32553
32554
32581
32567
32561
32557
32562
32567
32575
32574
32577
32579
32606
32582
32581
32587
32600
32609
32608
32612
32616
32716
32689
32657
32643
32634
32647
32654
32677
32657
32686
32688
32700
32696
32695
32696
32698
32706
32700
32714
32715
32739
32727
32722
32716
32723
32724
32735
32732
32736
32738
32750
32745
32743
32747
32748
32750
32750
32752
32754
