2500
16697
8219
4305
2392
1108
526
177
84
31
20
18
22
47
45
61
78
120
103
101
104
106
124
123
171
173
359
290
214
209
282
285
324
291
333
357
487
377
375
405
450
501
496
509
521
782
617
559
544
531
556
575
563
592
606
689
625
623
645
672
707
701
741
771
913
854
812
795
825
839
893
879
904
904
1002
939
924
979
994
1060
1047
1060
1073
1784
1409
1235
1174
1141
1111
1165
1193
1184
1205
1211
1315
1257
1257
1273
1290
1356
1347
1362
1408
1623
1482
1452
1452
1454
1458
1598
1558
1614
1621
1688
1653
1643
1661
1661
1704
1697
1757
1761
1992
1885
1820
1813
1805
1819
1871
1853
1873
1880
1946
1913
1896
1913
1932
1958
1951
1973
1975
2218
2135
2007
1997
2098
2112
2163
2154
2184
2201
2345
2270
2229
2275
2295
2367
2361
2375
2384
3307
2782
2555
2445
2401
2400
2394
2401
2413
2406
2419
2436
2508
2476
2452
2480
2482
2517
2511
2522
2529
2716
2634
2579
2570
2579
2592
2648
2639
2686
2693
2756
2735
2735
2745
2745
2777
2774
2778
2781
3063
2955
2904
2837
2814
2883
2904
2904
2906
2928
3028
2986
2960
3009
3015
3047
3042
3051
3062
3192
3101
3093
3085
3094
3096
3173
3157
3178
3189
3228
3206
3200
3219
3227
3249
3249
3278
3283
3856
3524
3427
3350
3329
3321
3343
3376
3352
3394
3423
3469
3440
3427
3444
3462
3485
3474
3491
3512
3613
3563
3538
3536
3544
3555
3591
3566
3598
3607
3737
3672
3655
3684
3723
3783
3766
3786
3854
4043
3972
3898
3863
3857
3894
3937
3924
3949
3950
4028
3989
3976
4004
4011
4037
4030
4037
4039
4175
4110
4064
4049
4100
4107
4152
4147
4172
4175
4256
4181
4180
4187
4242
4282
4266
4293
4304
6283
5291
4806
4565
4397
4333
4311
4310
4314
4345
4339
4351
4359
4481
4433
4405
4435
4464
4535
4494
4537
4542
4689
4606
4582
4574
4593
4605
4662
4659
4681
4682
4755
4725
4707
4729
4736
4789
4771
4796
4805
5049
4942
4849
4822
4807
4845
4934
4925
4937
4940
5010
4963
4958
4989
4993
5037
5020
5038
5041
5162
5090
5065
5053
5079
5088
5113
5094
5147
5161
5226
5182
5179
5182
5192
5259
5247
5260
5289
5848
5604
5417
5337
5306
5299
5316
5382
5338
5392
5412
5501
5453
5418
5486
5495
5517
5515
5525
5531
5693
5661
5612
5608
5632
5638
5669
5667
5672
5676
5811
5759
5716
5764
5785
5830
5818
5841
5848
6070
5964
5883
5878
5876
5880
5910
5891
5921
5925
6019
5999
5983
6003
6014
6032
6022
6041
6056
6209
6139
6082
6075
6087
6118
6164
6162
6194
6204
6246
6218
6214
6221
6243
6268
6258
6271
6278
7244
6750
6537
6354
6302
6287
6286
6296
6324
6305
6325
6347
6455
6436
6433
6445
6445
6509
6480
6511
6527
6619
6586
6554
6550
6562
6578
6591
6586
6596
6604
6676
6635
6622
6642
6673
6712
6688
6719
6721
7002
6880
6801
6773
6772
6794
6831
6816
6849
6878
6947
6892
6885
6909
6929
6955
6950
6972
6976
7141
7092
7023
7004
7059
7082
7119
7100
7127
7140
7224
7162
7156
7209
7222
7232
7230
7236
7240
7746
7461
7348
7287
7281
7277
7286
7307
7290
7312
7333
7410
7398
7387
7398
7409
7435
7427
7436
7437
7587
7551
7483
7473
7513
7532
7566
7557
7577
7578
7692
7613
7610
7629
7642
7735
7713
7741
7742
7955
7861
7807
7763
7751
7782
7790
7834
7828
7846
7853
7918
7874
7867
7878
7880
7923
7922
7934
7935
8136
8007
7978
7955
7991
7999
8062
8013
8070
8130
8170
8157
8142
8163
8165
8207
8172
8208
8212
12573
10438
9445
8806
8508
8325
8239
8232
8227
8238
8278
8268
8304
8306
8443
8344
8343
8369
8428
8496
8445
8497
8504
8653
8556
8543
8510
8543
8545
8596
8562
8599
8631
8715
8666
8662
8672
8695
8778
8749
8782
8800
9055
8917
8858
8827
8809
8857
8879
8862
8912
8914
8997
8932
8921
8939
8953
8998
8997
9001
9026
9335
9199
9134
9104
9154
9190
9217
9199
9227
9315
9393
9344
9341
9344
9380
9407
9406
9411
9414
9960
9713
9600
9486
9475
9454
9485
9542
9508
9558
9594
9641
9619
9606
9623
9629
9663
9650
9688
9699
9856
9812
9751
9717
9800
9801
9832
9818
9839
9855
9883
9868
9866
9869
9878
9933
9914
9953
9954
10200
10128
9995
9986
9984
9988
10036
10020
10058
10067
10162
10135
10132
10137
10153
10187
10179
10192
10192
10352
10245
10242
10221
10243
10244
10302
10302
10328
10348
10399
10364
10357
10387
10392
10420
10404
10423
10433
11410
10830
10581
10510
10470
10446
10446
10454
10499
10471
10502
10504
10539
10522
10514
10523
10524
10562
10560
10563
10575
10636
10597
10591
10585
10591
10592
10603
10601
10609
10623
10788
10732
10700
10748
10774
10808
10794
10819
10827
11187
11031
10941
10920
10858
10935
10971
10963
11022
11028
11104
11076
11050
11076
11103
11133
11123
11136
11140
11304
11275
11213
11199
11215
11235
11278
11278
11292
11304
11353
11347
11305
11351
11353
11364
11362
11391
11396
12061
11697
11527
11428
11426
11413
11427
11454
11437
11455
11513
11617
11581
11527
11585
11596
11633
11621
11633
11675
11935
11816
11756
11725
11777
11790
11905
11827
11920
11931
12032
11949
11941
11958
12027
12045
12035
12047
12049
12313
12192
12112
12096
12085
12098
12141
12135
12143
12181
12249
12221
12202
12237
12245
12259
12250
12262
12300
12469
12397
12328
12327
12331
12393
12431
12426
12461
12463
12529
12507
12504
12510
12516
12560
12550
12564
12568
14782
13697
13082
12880
12717
12636
12593
12575
12627
12639
12637
12658
12710
12784
12729
12722
12734
12755
12799
12798
12830
12864
12990
12938
12904
12901
12909
12917
12972
12946
12975
12977
13041
13012
12994
13016
13036
13044
13041
13074
13075
13387
13135
13104
13092
13086
13098
13123
13115
13127
13130
13294
13160
13135
13173
13242
13324
13298
13350
13359
13486
13461
13432
13411
13433
13446
13475
13472
13476
13481
13598
13505
13495
13535
13590
13646
13638
13659
13685
14344
14021
13859
13757
13736
13703
13751
13797
13795
13810
13829
13947
13920
13886
13936
13937
13987
13980
13996
14000
14143
14095
14070
14042
14076
14081
14127
14112
14136
14138
14190
14167
14157
14168
14186
14271
14204
14317
14321
14583
14452
14401
14360
14357
14364
14417
14412
14426
14439
14506
14453
14453
14489
14503
14515
14509
14521
14543
14642
14604
14592
14589
14594
14600
14615
14614
14629
14631
14711
14656
14656
14672
14680
14723
14716
14752
14773
15759
15253
15032
14908
14847
14839
14806
14847
14882
14847
14899
14905
14965
14930
14925
14935
14950
14997
14987
14999
15032
15164
15070
15045
15041
15049
15059
15096
15082
15137
15144
15228
15187
15169
15208
15223
15242
15242
15243
15251
15513
15342
15266
15256
15253
15263
15306
15270
15339
15342
15403
15351
15345
15357
15360
15448
15426
15482
15488
15607
15564
15534
15515
15544
15558
15594
15565
15597
15602
15693
15664
15662
15671
15676
15707
15703
15721
15758
16168
15955
15840
15787
15779
15766
15784
15809
15790
15824
15836
15872
15855
15843
15858
15860
15881
15873
15947
15950
16042
15980
15957
15956
15960
15977
15988
15981
15991
15992
16106
16076
16065
16084
16093
16149
16140
16153
16165
16384
16240
16189
16177
16176
16177
16180
16198
16194
16199
16221
16276
16257
16246
16257
16257
16319
16285
16371
16378
16585
16460
16440
16414
16441
16458
16518
16509
16564
16582
16643
16617
16607
16637
16642
16655
16645
16683
16686
24642
20690
18622
17740
17115
16900
16766
16724
16710
16699
16723
16737
16729
16742
16747
16852
16795
16772
16843
16844
16871
16871
16871
16900
17001
16963
16908
16907
16926
16950
16978
16967
16988
16999
17060
17048
17028
17053
17055
17084
17064
17088
17098
17421
17265
17176
17150
17146
17173
17186
17181
17206
17232
17347
17293
17281
17305
17333
17356
17352
17365
17370
17650
17612
17425
17425
17454
17534
17635
17633
17638
17643
17706
17668
17651
17692
17703
17708
17707
17720
17728
18207
17981
17851
17766
17744
17742
17764
17782
17782
17795
17820
17922
17869
17867
17874
17912
17940
17937
17957
17962
18109
18046
18028
18023
18029
18045
18073
18066
18106
18109
18145
18119
18115
18130
18136
18177
18147
18202
18206
18368
18296
18248
18227
18217
18232
18274
18270
18281
18284
18330
18309
18297
18313
18326
18361
18333
18362
18368
18471
18417
18408
18386
18413
18417
18446
18428
18454
18455
18566
18536
18520
18539
18555
18599
18592
18603
18612
19644
19095
18847
18727
18642
18631
18626
18635
18686
18672
18689
18711
18788
18734
18728
18740
18772
18804
18802
18833
18837
18928
18863
18855
18847
18858
18862
18901
18872
18907
18922
19039
18945
18943
18949
19028
19043
19042
19061
19089
19336
19242
19191
19126
19117
19145
19203
19195
19216
19234
19283
19247
19245
19250
19281
19315
19290
19320
19328
19426
19360
19345
19345
19346
19357
19386
19377
19401
19420
19538
19449
19427
19521
19531
19593
19561
19607
19613
20239
19907
19786
19726
19682
19654
19691
19778
19737
19782
19782
19837
19814
19805
19834
19836
19850
19842
19866
19868
20056
20003
19933
19910
19965
19973
20016
20015
20029
20036
20176
20112
20070
20147
20155
20198
20195
20209
20225
20442
20332
20278
20268
20255
20274
20284
20283
20300
20312
20363
20347
20332
20349
20354
20364
20363
20373
20423
20521
20476
20457
20452
20465
20470
20496
20493
20505
20510
20592
20566
20545
20570
20577
20646
20594
20675
20678
22650
21420
21114
20915
20780
20708
20695
20695
20695
20759
20724
20765
20775
20857
20813
20792
20825
20849
20891
20874
20896
20906
21058
21039
20941
20917
20941
20990
21043
21040
21046
21055
21078
21068
21068
21069
21077
21100
21097
21104
21114
21268
21176
21143
21124
21123
21137
21155
21149
21160
21171
21246
21203
21183
21204
21213
21252
21248
21255
21256
21323
21303
21276
21270
21283
21302
21305
21304
21313
21322
21389
21348
21329
21381
21384
21394
21393
21414
21419
21946
21651
21562
21457
21439
21420
21448
21517
21501
21526
21537
21624
21611
21590
21612
21618
21629
21625
21638
21640
21791
21751
21709
21653
21717
21726
21762
21755
21785
21791
21845
21821
21795
21839
21842
21931
21911
21938
21938
22294
22104
22015
21984
21984
22006
22067
22030
22073
22098
22141
22112
22106
22129
22139
22195
22192
22257
22291
22510
22438
22370
22325
22407
22429
22459
22443
22483
22494
22569
22523
22515
22530
22530
22602
22569
22611
22623
23733
23198
22923
22787
22701
22664
22657
22701
22713
22705
22722
22735
22870
22801
22789
22839
22853
22896
22876
22899
22906
23061
23002
22956
22928
22973
22990
23026
23004
23031
23048
23131
23096
23087
23108
23124
23165
23145
23175
23176
23449
23347
23228
23206
23205
23209
23272
23229
23320
23341
23384
23360
23349
23364
23370
23391
23389
23394
23402
23629
23515
23462
23459
23493
23507
23560
23522
23602
23610
23687
23638
23635
23658
23673
23710
23699
23712
23725
24188
23995
23832
23772
23742
23737
23753
23793
23777
23798
23832
23907
23835
23833
23846
23849
23947
23933
23947
23964
24079
24036
24003
24002
24014
24025
24042
24041
24076
24077
24138
24095
24091
24096
24102
24165
24157
24168
24172
24435
24353
24242
24212
24202
24229
24236
24312
24261
24333
24341
24404
24358
24355
24361
24393
24418
24415
24423
24429
24544
24485
24458
24439
24477
24477
24534
24521
24539
24542
24596
24558
24548
24572
24578
24603
24599
24619
24624
28915
26662
25622
25087
24829
24734
24667
24659
24655
24664
24677
24670
24705
24733
24772
24745
24737
24756
24757
24811
24794
24811
24825
24970
24870
24832
24829
24866
24870
24902
24894
24904
24941
25043
25014
25008
25018
25038
25055
25043
25060
25073
25347
25267
25170
25123
25100
25162
25227
25196
25235
25263
25296
25282
25273
25288
25296
25325
25312
25332
25339
25436
25382
25367
25365
25369
25375
25415
25383
25428
25429
25557
25503
25460
25542
25543
25585
25566
25586
25595
26165
25824
25692
25652
25635
25625
25646
25678
25670
25678
25681
25786
25721
25698
25769
25782
25804
25800
25811
25820
25947
25864
25845
25838
25847
25861
25883
25873
25898
25942
26045
25963
25954
25980
26039
26071
26066
26088
26106
26343
26210
26186
26176
26173
26184
26199
26194
26202
26210
26317
26226
26216
26306
26308
26331
26324
26337
26338
26479
26391
26371
26368
26376
26381
26448
26440
26466
26471
26569
26504
26489
26550
26550
26611
26599
26639
26649
27972
27270
26943
26772
26734
26714
26692
26726
26743
26740
26750
26754
26865
26813
26806
26832
26848
26886
26875
26894
26903
27123
27029
26956
26954
26975
27026
27083
27071
27084
27086
27200
27151
27145
27172
27199
27240
27233
27244
27246
27619
27424
27303
27296
27290
27300
27336
27336
27350
27367
27541
27445
27436
27477
27494
27569
27553
27604
27604
27797
27725
27698
27691
27714
27718
27736
27734
27768
27789
27843
27823
27803
27831
27832
27901
27882
27928
27938
28451
28261
28135
28023
28006
28002
28020
28039
28030
28123
28132
28245
28180
28147
28207
28228
28254
28246
28254
28256
28352
28337
28305
28277
28311
28313
28343
28338
28346
28347
28408
28364
28356
28380
28386
28433
28418
28441
28446
28606
28548
28500
28473
28453
28478
28499
28517
28508
28545
28547
28577
28566
28555
28573
28575
28590
28580
28593
28605
28765
28711
28634
28624
28685
28710
28737
28720
28757
28757
28867
28820
28767
28833
28835
28890
28884
28897
28906
30829
29873
29385
29090
28966
28944
28926
28920
28935
28951
28950
28951
28959
29003
28986
28984
28989
29002
29033
29006
29044
29052
29224
29193
29138
29112
29164
29169
29197
29193
29217
29223
29315
29273
29244
29289
29303
29337
29317
29343
29373
29630
29500
29437
29414
29398
29422
29481
29447
29489
29490
29543
29507
29502
29526
29537
29563
29558
29614
29616
29740
29674
29644
29634
29660
29661
29679
29675
29695
29725
29817
29780
29771
29787
29801
29831
29830
29835
29864
30348
30106
30007
29913
29881
29874
29885
29943
29936
29968
30004
30056
30021
30015
30033
30037
30075
30065
30084
30090
30212
30136
30118
30108
30125
30136
30178
30178
30187
30191
30254
30232
30216
30233
30241
30265
30258
30268
30283
30605
30463
30437
30393
30378
30436
30442
30440
30448
30458
30543
30495
30479
30508
30537
30585
30565
30589
30595
30716
30633
30618
30607
30620
30621
30653
30651
30656
30712
30780
30731
30725
30754
30755
30794
30788
30807
30812
31640
31206
31023
30937
30876
30864
30854
30867
30885
30884
30922
30937
30990
30944
30938
30983
30987
31011
31008
31018
31022
31102
31046
31032
31030
31035
31038
31059
31051
31063
31071
31149
31132
31126
31136
31144
31154
31153
31172
31198
31444
31308
31252
31243
31242
31243
31255
31254
31258
31290
31387
31355
31349
31363
31380
31415
31411
31419
31436
31523
31485
31455
31450
31458
31468
31497
31489
31498
31507
31603
31567
31530
31594
31595
31606
31604
31615
31626
32160
31876
31757
31689
31664
31660
31681
31709
31692
31718
31737
31797
31769
31764
31788
31795
31831
31810
31833
31847
31995
31948
31913
31888
31917
31939
31975
31952
31984
31991
32060
32008
32004
32021
32057
32077
32070
32100
32135
32457
32300
32233
32207
32167
32212
32223
32258
32242
32267
32290
32412
32329
32317
32381
32386
32435
32427
32446
32449
32597
32512
32490
32479
32492
32501
32532
32514
32547
32579
32648
32625
32609
32625
32630
32664
32648
32710
32732
